((7, 1.3), '([u\'MMMMMMM\', u\'SSSSSSS\', u\'EEEEEEE\', u\'IIIIIII\', u\'DDDDDDD\', u\'KKKKKKK\', u\'LLLLLLL\', u\'CCCCCCC\', u\'TTTTTTT\', u\'PPPPPPP\', u\'UUUUUUU\', u\'XXXXXXX\', u\'WWWWWWW\', u\'HHHHHHH\', u\'BBBBBBB\', u\'FFFFFFF\', u\'ZZZZZZZ\', u\'QQQQQQQ\', u\'NNNNNNN\', u\'VVVVVVV\', u\'GGGGGGG\', u\'AAAAAAA\', u\'YYYYYYY\', u\'OOOOOOO\', u\'RRRRRRR\', u\'JJJJJJJ\'], ["([1, 0, 0, 0, 0, 0, 0, 0, 0], [[0, 1, 0, 0, 0, 0, 0, 0, 0], [0, 0.028571428571428574, 0.8, 0.028571428571428574, 0.028571428571428574, 0.028571428571428574, 0.028571428571428574, 0.028571428571428574, 0.028571428571428574], [0, 0, 0.03333333333333333, 0.8, 0.03333333333333333, 0.03333333333333333, 0.03333333333333333, 0.03333333333333333, 0.03333333333333333], [0, 0, 0, 0.04, 0.8, 0.04, 0.04, 0.04, 0.04], [0, 0, 0, 0, 0.05, 0.8, 0.05, 0.05, 0.05], [0, 0, 0, 0, 0, 0.06666666666666667, 0.8, 0.06666666666666667, 0.06666666666666667], [0, 0, 0, 0, 0, 0, 0.1, 0.8, 0.1], [0, 0, 0, 0, 0, 0, 0, 0.2, 0.8], [1, 0, 0, 0, 0, 0, 0, 0, 0]], [[1, 0, 0, 0, 0, 0, 0, 0, 0, 0, 0, 0], [0, 0.001186568804990335, 0.01006589297585355, 0.006306671854239461, 0.05423368563829242, 0.018208541995034123, 0.8547962681585899, 0.01682774245247689, 0.015607418481379157, 0.01820831724441082, 0.0045588923947332705, 0], [0, 0.0053165617242609976, 0.009017314063156447, 0.0024079140501809767, 0.027812370330885808, 0.027782587749489503, 0.8739507157159565, 0.008052352910700894, 0.01747622745349519, 0.027874691984849004, 0.00030926401702458775, 0], [0, 0.0009603237436858505, 0.015041253559861894, 0.010039233801804605, 0.0024507871702541257, 0.011361475060395598, 0.9142977382715486, 0.014932220516334338, 0.010313612802717143, 0.011247027168808679, 0.00935632790458915, 0], [0, 0.007909970583748979, 0.007832842285722178, 0.004704523864428043, 0.017396736968697393, 0.019065551284339833, 0.8943119691679022, 0.016264770865092967, 0.003777796854129707, 0.021512512268354954, 0.007223325857583594, 0], [0, 0.004526612411570645, 0.01772952678871207, 0.004157354763054903, 0.01855005107039201, 0.007175977948198026, 0.9081647416828154, 0.007386505185653364, 0.003922346008382561, 0.011472539774524402, 0.01691434436669663, 0], [0, 0.008598029869907915, 0.004558967137898788, 0.01836209503355387, 0.02012030731035493, 0.02567762415070724, 0.8665713102904818, 0.003042582890446656, 0.016426698431412368, 0.02359772419823617, 0.013044660687000187, 0], [0, 0.015393719542195495, 0.017336706743389666, 0.010782434813720595, 0.010690992493008545, 0.024626525815838754, 0.8978204907584482, 0.003770813706077093, 0.0017644507280345965, 0.010863080368502616, 0.006950785030784471, 0], [0, 0, 0, 0, 0, 0, 0, 0, 0, 0, 0, 1]], [\'@\', \'a\', \'b\', \'c\', \'d\', \'e\', \'f\', \'g\', \'h\', \'i\', \'j\', \'$\'])", "([1, 0, 0, 0, 0, 0, 0, 0, 0], [[0, 1, 0, 0, 0, 0, 0, 0, 0], [0, 0.028571428571428574, 0.8, 0.028571428571428574, 0.028571428571428574, 0.028571428571428574, 0.028571428571428574, 0.028571428571428574, 0.028571428571428574], [0, 0, 0.03333333333333333, 0.8, 0.03333333333333333, 0.03333333333333333, 0.03333333333333333, 0.03333333333333333, 0.03333333333333333], [0, 0, 0, 0.04, 0.8, 0.04, 0.04, 0.04, 0.04], [0, 0, 0, 0, 0.05, 0.8, 0.05, 0.05, 0.05], [0, 0, 0, 0, 0, 0.06666666666666667, 0.8, 0.06666666666666667, 0.06666666666666667], [0, 0, 0, 0, 0, 0, 0.1, 0.8, 0.1], [0, 0, 0, 0, 0, 0, 0, 0.2, 0.8], [1, 0, 0, 0, 0, 0, 0, 0, 0]], [[1, 0, 0, 0, 0, 0, 0, 0, 0, 0, 0, 0], [0, 0.014381409180029848, 0.007886750738197208, 0.01231272331923446, 0.03254014218138571, 0.0878160665274078, 0.7747150671000247, 0.007745799173890461, 0.009300400681517865, 0.037295051607395414, 0.01600658949091663, 0], [0, 0.022312818446116885, 0.06376160586202834, 0.038900480017161856, 0.06179730931420859, 0.19641730171680016, 0.46472281015677924, 0.01604537668854349, 0.015208041234403486, 0.11671634692895187, 0.004117909635006073, 0], [0, 0.09628626628310631, 0.14762322022321536, 0.09601642089861286, 0.19632148634802674, 0.14045138537972, 0.16426600321710436, 0.009873006649690791, 0.038990647986718724, 0.09885339472607083, 0.011318168287733951, 0], [0, 0.18495669658527059, 0.18018892529416708, 0.17796337268926657, 0.1687249726659308, 0.09124307456726412, 0.0405931795763653, 0.08695859273817103, 0.01261435597672757, 0.04247496394669295, 0.01428186596014398, 0], [0, 0.12059738856740458, 0.28821370049674494, 0.25950368129966855, 0.08784568842098169, 0.0609497672061994, 0.006569749057846792, 0.11099050037873032, 0.046064031991171435, 0.007123485056764534, 0.012142007524487757, 0], [0, 0.10515527199736792, 0.2693842033183803, 0.263263250953258, 0.08340443306403326, 0.13865296575088923, 0.0018354015053002584, 0.05702221878094027, 0.048414543931481376, 0.01698596295811527, 0.0158817477402342, 0], [0, 0.005665214245559012, 0.008134734547748096, 0.000494525545748373, 0.3165388943687475, 0.1479764973024349, 0.43946061049471286, 0.012429031428604074, 0.015995336830868578, 0.04842928295139142, 0.004875872284185347, 0], [0, 0, 0, 0, 0, 0, 0, 0, 0, 0, 0, 1]], [\'@\', \'a\', \'b\', \'c\', \'d\', \'e\', \'f\', \'g\', \'h\', \'i\', \'j\', \'$\'])", "([1, 0, 0, 0, 0, 0, 0, 0, 0], [[0, 1, 0, 0, 0, 0, 0, 0, 0], [0, 0.028571428571428574, 0.8, 0.028571428571428574, 0.028571428571428574, 0.028571428571428574, 0.028571428571428574, 0.028571428571428574, 0.028571428571428574], [0, 0, 0.03333333333333333, 0.8, 0.03333333333333333, 0.03333333333333333, 0.03333333333333333, 0.03333333333333333, 0.03333333333333333], [0, 0, 0, 0.04, 0.8, 0.04, 0.04, 0.04, 0.04], [0, 0, 0, 0, 0.05, 0.8, 0.05, 0.05, 0.05], [0, 0, 0, 0, 0, 0.06666666666666667, 0.8, 0.06666666666666667, 0.06666666666666667], [0, 0, 0, 0, 0, 0, 0.1, 0.8, 0.1], [0, 0, 0, 0, 0, 0, 0, 0.2, 0.8], [1, 0, 0, 0, 0, 0, 0, 0, 0]], [[1, 0, 0, 0, 0, 0, 0, 0, 0, 0, 0, 0], [0, 9.14943892063359e-05, 0.03434803152182166, 0.09599972087055736, 0.33849015971911867, 0.028114083908911233, 0.4688663847517351, 0.005805713399924035, 0.004210267306042056, 0.019570161567673154, 0.0045039825650103485, 0], [0, 0.1378146098986321, 0.32975278888461135, 0.24207083832659865, 0.07560879903196904, 0.0511836554980065, 0.030587525105054036, 0.09873712852847463, 0.0179324084436595, 0.0026404647049891997, 0.013671781578005008, 0], [0, 0.13821760983493614, 0.27547688981870455, 0.309237097961113, 0.006530942708951186, 0.003320119478295194, 0.004231482355748277, 0.23979878026833235, 0.0005146507992393323, 0.01903025403901891, 0.0036421727356610754, 0], [0, 0.144650437765397, 0.2562538639507807, 0.3502695421976942, 0.0011831007864074395, 0.009201743302692793, 0.022488134743584274, 0.18167170974481542, 0.009404329108666575, 0.010274609312134324, 0.014602529087827321, 0], [0, 0.100127056998024, 0.24474480672587515, 0.31161146538515144, 0.0565713259309702, 0.04185374583593339, 0.01997379114996282, 0.1682411382376993, 0.03718016835321938, 0.010189787352084284, 0.009506714031079912, 0], [0, 0.05215263789260992, 0.08832775676901884, 0.17672654753134961, 0.2261099865710018, 0.07519860907364109, 0.05215583610570458, 0.1387194255605017, 0.12802675472188652, 0.04748270551614842, 0.015099740258137663, 0], [0, 0.005245701017804872, 0.022618526415993583, 0.06607559460143486, 0.28140187097099095, 0.09104861342032324, 0.3113995906100222, 0.026379958701651298, 0.07703498087785988, 0.11754415196926697, 0.0012510114146520074, 0], [0, 0, 0, 0, 0, 0, 0, 0, 0, 0, 0, 1]], [\'@\', \'a\', \'b\', \'c\', \'d\', \'e\', \'f\', \'g\', \'h\', \'i\', \'j\', \'$\'])", "([1, 0, 0, 0, 0, 0, 0, 0, 0], [[0, 1, 0, 0, 0, 0, 0, 0, 0], [0, 0.028571428571428574, 0.8, 0.028571428571428574, 0.028571428571428574, 0.028571428571428574, 0.028571428571428574, 0.028571428571428574, 0.028571428571428574], [0, 0, 0.03333333333333333, 0.8, 0.03333333333333333, 0.03333333333333333, 0.03333333333333333, 0.03333333333333333, 0.03333333333333333], [0, 0, 0, 0.04, 0.8, 0.04, 0.04, 0.04, 0.04], [0, 0, 0, 0, 0.05, 0.8, 0.05, 0.05, 0.05], [0, 0, 0, 0, 0, 0.06666666666666667, 0.8, 0.06666666666666667, 0.06666666666666667], [0, 0, 0, 0, 0, 0, 0.1, 0.8, 0.1], [0, 0, 0, 0, 0, 0, 0, 0.2, 0.8], [1, 0, 0, 0, 0, 0, 0, 0, 0]], [[1, 0, 0, 0, 0, 0, 0, 0, 0, 0, 0, 0], [0, 0.032745775044861904, 0.027058831764242976, 0.016641762993623993, 0.07600670630725781, 0.07210298221813119, 0.44708401713684115, 0.010956692305280588, 0.09039458363858542, 0.21073694041836244, 0.016271708172812444, 0], [0, 0.03507031654776613, 0.03347229945489139, 0.03624985052132065, 0.13111230188075176, 0.10209995195972618, 0.4633146524173457, 0.006746403267917482, 0.10744789092637237, 0.06674362589771578, 0.01774270712619243, 0], [0, 0.07722689992641169, 0.07554536666113569, 0.09466010134317474, 0.12030522756447094, 0.22273077170947156, 0.34137317351026364, 0.016383293816405985, 0.027466333919869572, 0.01502040116449725, 0.009288430384298975, 0], [0, 0.08682563190068039, 0.06751220718566289, 0.11260777434065233, 0.12243144692456757, 0.14622187407736764, 0.36407203500636226, 0.037176727013378624, 0.03284439445881348, 0.015740308438636857, 0.014567600653878016, 0], [0, 0.09671654490584444, 0.061423962002726144, 0.04607705293492268, 0.1344243435062932, 0.1639926690054351, 0.2825807891038042, 0.03139045422925924, 0.10126584069717061, 0.07784326891730918, 0.0042850746972350915, 0], [0, 0.052610513632695956, 0.013711272424033747, 0.0350160608561596, 0.1507036228907182, 0.08618867380273089, 0.37742288977223365, 0.03580301504976544, 0.10035882889756306, 0.13286718248211501, 0.015317940191984564, 0], [0, 0.023241998787522814, 0.019561045786986635, 0.01533560768674858, 0.1751483272833356, 0.09331257326355097, 0.5341480195894069, 0.009494791299476524, 0.018733192870318664, 0.09173508992125144, 0.019289353511401815, 0], [0, 0, 0, 0, 0, 0, 0, 0, 0, 0, 0, 1]], [\'@\', \'a\', \'b\', \'c\', \'d\', \'e\', \'f\', \'g\', \'h\', \'i\', \'j\', \'$\'])", "([1, 0, 0, 0, 0, 0, 0, 0, 0], [[0, 1, 0, 0, 0, 0, 0, 0, 0], [0, 0.028571428571428574, 0.8, 0.028571428571428574, 0.028571428571428574, 0.028571428571428574, 0.028571428571428574, 0.028571428571428574, 0.028571428571428574], [0, 0, 0.03333333333333333, 0.8, 0.03333333333333333, 0.03333333333333333, 0.03333333333333333, 0.03333333333333333, 0.03333333333333333], [0, 0, 0, 0.04, 0.8, 0.04, 0.04, 0.04, 0.04], [0, 0, 0, 0, 0.05, 0.8, 0.05, 0.05, 0.05], [0, 0, 0, 0, 0, 0.06666666666666667, 0.8, 0.06666666666666667, 0.06666666666666667], [0, 0, 0, 0, 0, 0, 0.1, 0.8, 0.1], [0, 0, 0, 0, 0, 0, 0, 0.2, 0.8], [1, 0, 0, 0, 0, 0, 0, 0, 0]], [[1, 0, 0, 0, 0, 0, 0, 0, 0, 0, 0, 0], [0, 0.05234792838305947, 0.06558336579966373, 0.07068043634960666, 0.3022408887371414, 0.1419977535618626, 0.2872555370012061, 0.013440669258274519, 0.02219270580702859, 0.03478953029417173, 0.009471184807985181, 0], [0, 0.006963632408190922, 0.13558339259556143, 0.17493357697308198, 0.27508575025576365, 0.14590600248637936, 0.08411644064096034, 0.01017384922528482, 0.14710532128928158, 0.0030368351062661646, 0.01709519901922981, 0], [0, 0.011018036780446348, 0.03670789025786095, 0.04803710202428068, 0.4408153211602017, 0.0760311486962212, 0.042809053215902906, 0.010254436328611416, 0.29562115314416393, 0.02802932435167732, 0.010676534040633652, 0], [0, 0.009914157404413563, 0.006705785974323847, 0.009914105808259866, 0.4039840907054854, 0.15761369303314887, 0.004546980018782752, 0.002913372719068258, 0.36476587529544985, 0.027626694344458746, 0.012015244696608965, 0], [0, 0.007119752108364395, 0.010584412357048455, 0.008085342405578561, 0.48189816712113204, 0.3051909960259131, 0.019983281166674503, 0.011040222601853463, 0.1368434557236489, 0.009918591552921163, 0.009335778936865555, 0], [0, 0.009004208811251194, 0.004459156668819358, 0.013769473687355913, 0.36086319093615576, 0.5428216478223976, 0.02231219381675066, 0.015249981703150806, 0.012433149535999166, 0.01777186746329601, 0.0013151295548236425, 0], [0, 0.01589111783700148, 0.00994623744673466, 0.0030470593874356, 0.012255672299741293, 0.012717603593766795, 0.9088533366126395, 0.006329941059018512, 0.012628088310079916, 0.01828756841673764, 4.337503684467382e-05, 0], [0, 0, 0, 0, 0, 0, 0, 0, 0, 0, 0, 1]], [\'@\', \'a\', \'b\', \'c\', \'d\', \'e\', \'f\', \'g\', \'h\', \'i\', \'j\', \'$\'])", "([1, 0, 0, 0, 0, 0, 0, 0, 0], [[0, 1, 0, 0, 0, 0, 0, 0, 0], [0, 0.028571428571428574, 0.8, 0.028571428571428574, 0.028571428571428574, 0.028571428571428574, 0.028571428571428574, 0.028571428571428574, 0.028571428571428574], [0, 0, 0.03333333333333333, 0.8, 0.03333333333333333, 0.03333333333333333, 0.03333333333333333, 0.03333333333333333, 0.03333333333333333], [0, 0, 0, 0.04, 0.8, 0.04, 0.04, 0.04, 0.04], [0, 0, 0, 0, 0.05, 0.8, 0.05, 0.05, 0.05], [0, 0, 0, 0, 0, 0.06666666666666667, 0.8, 0.06666666666666667, 0.06666666666666667], [0, 0, 0, 0, 0, 0, 0.1, 0.8, 0.1], [0, 0, 0, 0, 0, 0, 0, 0.2, 0.8], [1, 0, 0, 0, 0, 0, 0, 0, 0]], [[1, 0, 0, 0, 0, 0, 0, 0, 0, 0, 0, 0], [0, 0.019145575936544604, 0.03442087201918457, 0.011999032971849259, 0.12204449422417604, 0.12311155951344967, 0.6533632447077428, 0.009691890130444065, 0.00855794265140805, 0.012876479728868623, 0.0047889081163323115, 0], [0, 0.029250114927255284, 0.07497493716191309, 0.05443486709492064, 0.16527345199478805, 0.24899343253758385, 0.2681957978673525, 0.011195581559637374, 0.10066551531643196, 0.035673467556604166, 0.011342833983513148, 0], [0, 0.03125329484002075, 0.03538199496297152, 0.04207325423977757, 0.41895978556169744, 0.24079178730496767, 0.04889974242410592, 0.01183369854165575, 0.14627941120719218, 0.016217548818801386, 0.008309482098809875, 0], [0, 0.015788798376646426, 0.021631742412454195, 0.020910785845150943, 0.41878618654279115, 0.2927953203387871, 0.0019180901495823828, 0.006103650690277389, 0.19473467087671972, 0.023556136569153053, 0.0037746181984376214, 0], [0, 0.02513243762565386, 0.017939387701051086, 0.015274094568057872, 0.43834700590701065, 0.21823897424948543, 0.012424096893977315, 0.00627663619129953, 0.2393357016854276, 0.011284020925228422, 0.015747644252808148, 0], [0, 0.018466168861951147, 0.010365287698742393, 0.002081519209954492, 0.3432143148744482, 0.18805205816800763, 0.07309611413465232, 0.028263833556815332, 0.21858089206645873, 0.11326282735820292, 0.004616984070766722, 0], [0, 0.017873166743277945, 0.018493784942010292, 0.01924957545876291, 0.3271736907453445, 0.06369947525211568, 0.3184650156588415, 0.005964087874342048, 0.1009302066918957, 0.12318574906395914, 0.004965247569450157, 0], [0, 0, 0, 0, 0, 0, 0, 0, 0, 0, 0, 1]], [\'@\', \'a\', \'b\', \'c\', \'d\', \'e\', \'f\', \'g\', \'h\', \'i\', \'j\', \'$\'])", "([1, 0, 0, 0, 0, 0, 0, 0, 0], [[0, 1, 0, 0, 0, 0, 0, 0, 0], [0, 0.028571428571428574, 0.8, 0.028571428571428574, 0.028571428571428574, 0.028571428571428574, 0.028571428571428574, 0.028571428571428574, 0.028571428571428574], [0, 0, 0.03333333333333333, 0.8, 0.03333333333333333, 0.03333333333333333, 0.03333333333333333, 0.03333333333333333, 0.03333333333333333], [0, 0, 0, 0.04, 0.8, 0.04, 0.04, 0.04, 0.04], [0, 0, 0, 0, 0.05, 0.8, 0.05, 0.05, 0.05], [0, 0, 0, 0, 0, 0.06666666666666667, 0.8, 0.06666666666666667, 0.06666666666666667], [0, 0, 0, 0, 0, 0, 0.1, 0.8, 0.1], [0, 0, 0, 0, 0, 0, 0, 0.2, 0.8], [1, 0, 0, 0, 0, 0, 0, 0, 0]], [[1, 0, 0, 0, 0, 0, 0, 0, 0, 0, 0, 0], [0, 0.014147965983167707, 0.0030196757677455268, 0.0113824657142439, 0.031042925322124493, 0.02270240640423085, 0.8801830886211595, 0.01199417732612286, 0.007475800624592607, 0.01642893315327594, 0.0016225610833365779, 0], [0, 0.012957387566828406, 0.015352130539177732, 0.02099911510858094, 0.10611444392280242, 0.055380986676093036, 0.43883688612168215, 0.011263328089784473, 0.0316327496580781, 0.2799413271138603, 0.027521645203112483, 0], [0, 0.004876502987240235, 0.014388953644688516, 0.012860841393788087, 0.03263222689792989, 0.015246146044805614, 0.4047033093992719, 0.011540541899307656, 0.005509336454437372, 0.48753016963193513, 0.010711971646595717, 0], [0, 0.0030832007859441448, 0.008746953403458258, 0.006804367795846275, 0.03183224909875204, 0.031138997619389618, 0.35378745331462713, 0.017307893966762643, 0.011475087172632526, 0.5324396621114207, 0.0033841347311665392, 0], [0, 0.0038744045757438993, 0.0008979892866258331, 0.015890859790340557, 0.027382931014185725, 0.0017814096469329125, 0.32680348573256196, 0.010455071179410576, 0.012350611737770485, 0.5950691837816153, 0.0054940532548126, 0], [0, 0.002923616190831267, 0.013784895863020369, 0.01654283769252033, 0.00042467134770044943, 0.012717146235634101, 0.4223409977312202, 0.008746679086009552, 0.018723844263042397, 0.48796111732163144, 0.01583419426838975, 0], [0, 0.0029751758878961213, 0.012636181332226661, 0.013076477120768731, 0.01024797957383241, 0.021656814905326897, 0.5551244519567802, 0.0041013214822713286, 0.020424368870507848, 0.3534428795850032, 0.0063143492853867085, 0], [0, 0, 0, 0, 0, 0, 0, 0, 0, 0, 0, 1]], [\'@\', \'a\', \'b\', \'c\', \'d\', \'e\', \'f\', \'g\', \'h\', \'i\', \'j\', \'$\'])", "([1, 0, 0, 0, 0, 0, 0, 0, 0], [[0, 1, 0, 0, 0, 0, 0, 0, 0], [0, 0.028571428571428574, 0.8, 0.028571428571428574, 0.028571428571428574, 0.028571428571428574, 0.028571428571428574, 0.028571428571428574, 0.028571428571428574], [0, 0, 0.03333333333333333, 0.8, 0.03333333333333333, 0.03333333333333333, 0.03333333333333333, 0.03333333333333333, 0.03333333333333333], [0, 0, 0, 0.04, 0.8, 0.04, 0.04, 0.04, 0.04], [0, 0, 0, 0, 0.05, 0.8, 0.05, 0.05, 0.05], [0, 0, 0, 0, 0, 0.06666666666666667, 0.8, 0.06666666666666667, 0.06666666666666667], [0, 0, 0, 0, 0, 0, 0.1, 0.8, 0.1], [0, 0, 0, 0, 0, 0, 0, 0.2, 0.8], [1, 0, 0, 0, 0, 0, 0, 0, 0]], [[1, 0, 0, 0, 0, 0, 0, 0, 0, 0, 0, 0], [0, 0.011232358215230998, 0.005525138505957493, 0.011921339213829518, 0.007778988728276696, 0.020811364818400856, 0.9075289511666895, 0.007929843079696085, 0.010381701190865048, 0.013868308286421365, 0.0030220067946323285, 0], [0, 0.0038972619372220066, 0.0011871712709054494, 0.011473101643761327, 0.18488164908122331, 0.719567772403408, 0.015533516545316869, 0.019763082040613153, 0.01866420933766734, 0.006908373426748485, 0.018123862313134183, 0], [0, 0.01360946722414177, 0.004370786774606973, 0.011221322645375658, 0.31608200612577214, 0.4968008703699213, 0.015506426092260306, 0.0031457920803073564, 0.11479427164906307, 0.022390394072823814, 0.0020786629657275563, 0], [0, 0.011522360808251668, 0.010264569829514231, 0.00859245056974787, 0.43616598874292983, 0.2316054198673974, 0.016000276011719935, 0.006259183190013661, 0.26562195645782094, 0.002798714026751643, 0.01116908049585282, 0], [0, 0.01087239969094238, 0.009404251609520811, 3.3537371048719686e-05, 0.3881361458219989, 0.19552058910271808, 0.0284874893587467, 0.02609563350393974, 0.2945576743259102, 0.044614961204081614, 0.0022773180110929703, 0], [0, 0.013458910786137986, 0.013190528421183859, 0.009981068515222003, 0.330263309103071, 0.16622513676709633, 0.10021777197438395, 0.013435128651848992, 0.21120857731488585, 0.1307010141248891, 0.011318554341280925, 0], [0, 0.001111307374314881, 0.0036195541805572164, 0.0079022553920456, 0.32425774154431614, 0.07979009792248423, 0.3788236742079647, 0.008491461615755078, 0.07584045490372748, 0.10772989029524407, 0.012433562563590633, 0], [0, 0, 0, 0, 0, 0, 0, 0, 0, 0, 0, 1]], [\'@\', \'a\', \'b\', \'c\', \'d\', \'e\', \'f\', \'g\', \'h\', \'i\', \'j\', \'$\'])", "([1, 0, 0, 0, 0, 0, 0, 0, 0], [[0, 1, 0, 0, 0, 0, 0, 0, 0], [0, 0.028571428571428574, 0.8, 0.028571428571428574, 0.028571428571428574, 0.028571428571428574, 0.028571428571428574, 0.028571428571428574, 0.028571428571428574], [0, 0, 0.03333333333333333, 0.8, 0.03333333333333333, 0.03333333333333333, 0.03333333333333333, 0.03333333333333333, 0.03333333333333333], [0, 0, 0, 0.04, 0.8, 0.04, 0.04, 0.04, 0.04], [0, 0, 0, 0, 0.05, 0.8, 0.05, 0.05, 0.05], [0, 0, 0, 0, 0, 0.06666666666666667, 0.8, 0.06666666666666667, 0.06666666666666667], [0, 0, 0, 0, 0, 0, 0.1, 0.8, 0.1], [0, 0, 0, 0, 0, 0, 0, 0.2, 0.8], [1, 0, 0, 0, 0, 0, 0, 0, 0]], [[1, 0, 0, 0, 0, 0, 0, 0, 0, 0, 0, 0], [0, 0.0004240628296151021, 0.016117287060613324, 0.002306736302541822, 0.011508571245429604, 0.015391440268846398, 0.384727646739526, 0.017758094603024636, 0.004757328278328915, 0.5461026164025408, 0.0009062162695334744, 0], [0, 0.00931897718913366, 0.0033119223114873204, 0.0036492041253968896, 0.011160319777077567, 0.0049322930596081395, 0.32088559875569045, 0.00543646250781634, 0.02744793578320903, 0.5916681561214052, 0.022189130369175428, 0], [0, 0.010824238990827134, 0.0046220191740959605, 0.01542815327400267, 0.02353596531161036, 0.02214503858974371, 0.41649873275582855, 0.013417759030714387, 0.0039325980692168135, 0.47601902092793347, 0.013576473876026911, 0], [0, 0.008130444353418484, 0.009099673483771652, 0.015418075513361393, 0.185251571263448, 0.059199053087899196, 0.4207941577978911, 0.0037896670150020886, 0.04373043872853306, 0.23969978765621414, 0.014887131100460988, 0], [0, 0.012436323163342257, 0.004877139638376942, 0.0064958673350024075, 0.16623457884056972, 0.13715841979969687, 0.38607293687342453, 0.01964095669044422, 0.0012182841641995062, 0.2603668643430682, 0.005498629151875395, 0], [0, 0.017627728884773285, 0.006421330514125362, 0.0001918161068103002, 0.0655027696122622, 0.03421694326430256, 0.37310725343505413, 0.019497173304732485, 0.014260308663973254, 0.45253876172240726, 0.016635914491559094, 0], [0, 0.014299110332351393, 0.0028368950328732105, 0.01142843726820898, 0.012014686545177525, 0.01469258050934429, 0.26685503217802764, 0.0054298332816599595, 0.011674024348280247, 0.6463841900476689, 0.01438521045640786, 0], [0, 0, 0, 0, 0, 0, 0, 0, 0, 0, 0, 1]], [\'@\', \'a\', \'b\', \'c\', \'d\', \'e\', \'f\', \'g\', \'h\', \'i\', \'j\', \'$\'])", "([1, 0, 0, 0, 0, 0, 0, 0, 0], [[0, 1, 0, 0, 0, 0, 0, 0, 0], [0, 0.028571428571428574, 0.8, 0.028571428571428574, 0.028571428571428574, 0.028571428571428574, 0.028571428571428574, 0.028571428571428574, 0.028571428571428574], [0, 0, 0.03333333333333333, 0.8, 0.03333333333333333, 0.03333333333333333, 0.03333333333333333, 0.03333333333333333, 0.03333333333333333], [0, 0, 0, 0.04, 0.8, 0.04, 0.04, 0.04, 0.04], [0, 0, 0, 0, 0.05, 0.8, 0.05, 0.05, 0.05], [0, 0, 0, 0, 0, 0.06666666666666667, 0.8, 0.06666666666666667, 0.06666666666666667], [0, 0, 0, 0, 0, 0, 0.1, 0.8, 0.1], [0, 0, 0, 0, 0, 0, 0, 0.2, 0.8], [1, 0, 0, 0, 0, 0, 0, 0, 0]], [[1, 0, 0, 0, 0, 0, 0, 0, 0, 0, 0, 0], [0, 0.000997537954593372, 0.02025038586068797, 0.05548481295068775, 0.30733477829510103, 0.06875413729555598, 0.3838894480799424, 0.0035906707225042155, 0.051906910934503864, 0.09495976621531892, 0.012831551691104517, 0], [0, 0.020259891866898402, 0.03822966798840716, 0.1207012855939321, 0.2879651142696308, 0.04657461404492657, 0.2300396674193426, 0.02151859354679602, 0.17556222035959773, 0.05659018667987462, 0.0025587582305941453, 0], [0, 0.01983232626645764, 0.03516327633642352, 0.028524875317584304, 0.2897352798527095, 0.11578348187508325, 0.07557828493649019, 0.0011915090947519347, 0.40443564707879687, 0.025527596184675375, 0.0042277230570274184, 0], [0, 0.003009565078671983, 0.006864500154663754, 0.023232923997554306, 0.3057261786790217, 0.06832660137301488, 0.020669345912379556, 0.01752483636671434, 0.5311270076229038, 0.015413010325531587, 0.00810603048954405, 0], [0, 0.008714026986574594, 0.012766774060401373, 0.011980198673968911, 0.35142794154914436, 0.158236376061805, 0.006280190639937638, 0.005978056274014478, 0.4311965053270155, 0.002690180476595378, 0.010729749950542726, 0], [0, 0.01611048051673452, 0.004921028708152381, 0.0042094424310336435, 0.3925632481935262, 0.25113260182649644, 0.016208035187452938, 0.006307053932580912, 0.2919162985436043, 0.013005315947921809, 0.0036264947124967917, 0], [0, 0.010177688581160775, 0.0037362280871892145, 0.01566986731805513, 0.014210738811543935, 0.007331473697430636, 0.9131678661100935, 0.014730068101982715, 0.00519489961330546, 0.010044786268249138, 0.0057363834109894945, 0], [0, 0, 0, 0, 0, 0, 0, 0, 0, 0, 0, 1]], [\'@\', \'a\', \'b\', \'c\', \'d\', \'e\', \'f\', \'g\', \'h\', \'i\', \'j\', \'$\'])", "([1, 0, 0, 0, 0, 0, 0, 0, 0], [[0, 1, 0, 0, 0, 0, 0, 0, 0], [0, 0.028571428571428574, 0.8, 0.028571428571428574, 0.028571428571428574, 0.028571428571428574, 0.028571428571428574, 0.028571428571428574, 0.028571428571428574], [0, 0, 0.03333333333333333, 0.8, 0.03333333333333333, 0.03333333333333333, 0.03333333333333333, 0.03333333333333333, 0.03333333333333333], [0, 0, 0, 0.04, 0.8, 0.04, 0.04, 0.04, 0.04], [0, 0, 0, 0, 0.05, 0.8, 0.05, 0.05, 0.05], [0, 0, 0, 0, 0, 0.06666666666666667, 0.8, 0.06666666666666667, 0.06666666666666667], [0, 0, 0, 0, 0, 0, 0.1, 0.8, 0.1], [0, 0, 0, 0, 0, 0, 0, 0.2, 0.8], [1, 0, 0, 0, 0, 0, 0, 0, 0]], [[1, 0, 0, 0, 0, 0, 0, 0, 0, 0, 0, 0], [0, 0.01785044936802631, 0.006189947311445181, 0.01572268574692862, 0.007734364891449572, 0.00857301391250726, 0.9238935962460928, 0.0013082210295117783, 0.00037875749266114345, 0.01521576469653058, 0.003133199304846689, 0], [0, 0.0006883935313205524, 0.013942430597562751, 0.013279573125543655, 0.02488456367501904, 0.02273612860479063, 0.8371850896842397, 0.003943468789711972, 0.013425563670778363, 0.05870548784625026, 0.01120930047478294, 0], [0, 0.013954831699076445, 0.0022709107185554848, 0.011683108551347, 0.019990081322174853, 0.011732935693817252, 0.7399602760005253, 0.011653302312968208, 0.008331303756562726, 0.1563898303630149, 0.024033419581957965, 0], [0, 0.01155501209902719, 0.0024255796033887814, 0.002191143149040998, 0.009053689714943528, 0.017747988788065886, 0.7390259990416909, 0.00483668595912576, 0.01855785609489964, 0.18118197944380607, 0.013424066106011214, 0], [0, 0.011533825036152485, 0.006742490292184879, 0.006297310437660185, 0.007828187110184275, 0.013568555280886675, 0.8193585909728425, 0.008926380075963821, 0.008492368794198535, 0.10469307800900803, 0.012559213990918578, 0], [0, 0.017387916615322494, 0.004016984255812451, 0.00041977812435169153, 0.03437810169294606, 0.06771835509779167, 0.8388028506682238, 0.0043817137381738334, 0.015228922004551648, 0.01255015805617407, 0.005115219746652334, 0], [0, 0.01446689711709497, 0.003328282793147898, 0.01087046686239422, 0.000704692242256036, 0.008666812842608092, 0.9249563119428764, 0.005639492257204802, 0.014435854779216049, 0.010789584112250675, 0.006141605050950663, 0], [0, 0, 0, 0, 0, 0, 0, 0, 0, 0, 0, 1]], [\'@\', \'a\', \'b\', \'c\', \'d\', \'e\', \'f\', \'g\', \'h\', \'i\', \'j\', \'$\'])", "([1, 0, 0, 0, 0, 0, 0, 0, 0], [[0, 1, 0, 0, 0, 0, 0, 0, 0], [0, 0.028571428571428574, 0.8, 0.028571428571428574, 0.028571428571428574, 0.028571428571428574, 0.028571428571428574, 0.028571428571428574, 0.028571428571428574], [0, 0, 0.03333333333333333, 0.8, 0.03333333333333333, 0.03333333333333333, 0.03333333333333333, 0.03333333333333333, 0.03333333333333333], [0, 0, 0, 0.04, 0.8, 0.04, 0.04, 0.04, 0.04], [0, 0, 0, 0, 0.05, 0.8, 0.05, 0.05, 0.05], [0, 0, 0, 0, 0, 0.06666666666666667, 0.8, 0.06666666666666667, 0.06666666666666667], [0, 0, 0, 0, 0, 0, 0.1, 0.8, 0.1], [0, 0, 0, 0, 0, 0, 0, 0.2, 0.8], [1, 0, 0, 0, 0, 0, 0, 0, 0]], [[1, 0, 0, 0, 0, 0, 0, 0, 0, 0, 0, 0], [0, 0.003848489980921306, 0.002572420036315801, 0.020856047206609496, 0.23864351088807678, 0.1344015138898695, 0.5056470554369337, 0.011914796663855016, 0.04541791001807946, 0.034358557167996434, 0.0023396987113425962, 0], [0, 0.005637639530308966, 0.01643851552919988, 0.008810213375492008, 0.2492102134966419, 0.43009946216904077, 0.2123320195428795, 0.01766413951448222, 0.039537760738232265, 0.01206738289459015, 0.008202653209132323, 0], [0, 0.0012801627265519935, 0.006222708406177929, 0.017619605207505034, 0.15874631432379965, 0.6053805035623175, 0.15544802025033538, 0.013595237338410704, 0.02364963480360017, 0.00731511216370785, 0.010742701217593787, 0], [0, 0.0028630909583332647, 0.018557632304462356, 0.01219111022028958, 0.08290129517321045, 0.2369739091899523, 0.5851043296913505, 0.02388123580062553, 0.013231085369691415, 0.015175644163006444, 0.0091206671290781, 0], [0, 0.0030359094620557086, 0.0026022542988749326, 0.017841448693897078, 0.10549940835578958, 0.49898515553080414, 0.3026149870581711, 0.01026311924320583, 0.040673092892822706, 0.010098381084762534, 0.008386243379616274, 0], [0, 0.012784609128161503, 0.012083169454615392, 0.012410072777002628, 0.18121590842490312, 0.6650066541466787, 0.0687436810263345, 0.0034925228656661872, 0.029814446387081233, 0.012536133506694058, 0.0019128022828624617, 0], [0, 0.008094466947134279, 0.015844148680234867, 0.006446860053985865, 0.31132083110924436, 0.3026982410375497, 0.2874456939306713, 0.011927802800345118, 0.03387179799116798, 0.007850339043166482, 0.014499818406500138, 0], [0, 0, 0, 0, 0, 0, 0, 0, 0, 0, 0, 1]], [\'@\', \'a\', \'b\', \'c\', \'d\', \'e\', \'f\', \'g\', \'h\', \'i\', \'j\', \'$\'])", "([1, 0, 0, 0, 0, 0, 0, 0, 0], [[0, 1, 0, 0, 0, 0, 0, 0, 0], [0, 0.028571428571428574, 0.8, 0.028571428571428574, 0.028571428571428574, 0.028571428571428574, 0.028571428571428574, 0.028571428571428574, 0.028571428571428574], [0, 0, 0.03333333333333333, 0.8, 0.03333333333333333, 0.03333333333333333, 0.03333333333333333, 0.03333333333333333, 0.03333333333333333], [0, 0, 0, 0.04, 0.8, 0.04, 0.04, 0.04, 0.04], [0, 0, 0, 0, 0.05, 0.8, 0.05, 0.05, 0.05], [0, 0, 0, 0, 0, 0.06666666666666667, 0.8, 0.06666666666666667, 0.06666666666666667], [0, 0, 0, 0, 0, 0, 0.1, 0.8, 0.1], [0, 0, 0, 0, 0, 0, 0, 0.2, 0.8], [1, 0, 0, 0, 0, 0, 0, 0, 0]], [[1, 0, 0, 0, 0, 0, 0, 0, 0, 0, 0, 0], [0, 0.014292887213102318, 0.013818164601833372, 0.006442046851227548, 0.003758629446432672, 0.015372097509651949, 0.9138103898586427, 0.015447502688822468, 0.0009747644106215445, 0.0049385846656323645, 0.011144932754032996, 0], [0, 0.006862676137426489, 0.008072172390134441, 0.007202194288269095, 0.009331177789448442, 0.016398334971262297, 0.8970313321386991, 0.014930751368004208, 0.004273717183959949, 0.01821799527187617, 0.017679648460919805, 0], [0, 0.006408672859351115, 0.008362774795099327, 0.019078180466746503, 0.03668389236221172, 0.028060572970351243, 0.8599699385471548, 0.0005656592089233385, 0.003589379775729947, 0.019160250991264588, 0.018120678023167622, 0], [0, 0.01696399848652116, 0.0019905667364558304, 0.005781577409466089, 0.05103051315385257, 0.015018707924657825, 0.8692502091140788, 0.006207352294697955, 0.013925822768986448, 0.009385095286960866, 0.010446156824322471, 0], [0, 0.008758634559774848, 0.01065563323624619, 0.004461030123817016, 0.05108218086343424, 0.019286759569269746, 0.8559559565732229, 0.018511806504317753, 0.0022382739856690076, 0.010384738521351616, 0.01866498606289661, 0], [0, 0.009902940537687168, 0.022433863272258527, 0.001941441666276397, 0.036809747577265316, 0.014758514644444333, 0.877701809319842, 0.003426500093915517, 0.015181398373936908, 0.014697527493922844, 0.0031462570204509386, 0], [0, 0.013751001433050117, 0.014733283101847633, 0.0017331560235507588, 0.012036174416938161, 0.009730648518031024, 0.9131691677795167, 0.010848418961522836, 0.007314323970992672, 0.0018311020404426137, 0.0148527237541075, 0], [0, 0, 0, 0, 0, 0, 0, 0, 0, 0, 0, 1]], [\'@\', \'a\', \'b\', \'c\', \'d\', \'e\', \'f\', \'g\', \'h\', \'i\', \'j\', \'$\'])", "([1, 0, 0, 0, 0, 0, 0, 0, 0], [[0, 1, 0, 0, 0, 0, 0, 0, 0], [0, 0.028571428571428574, 0.8, 0.028571428571428574, 0.028571428571428574, 0.028571428571428574, 0.028571428571428574, 0.028571428571428574, 0.028571428571428574], [0, 0, 0.03333333333333333, 0.8, 0.03333333333333333, 0.03333333333333333, 0.03333333333333333, 0.03333333333333333, 0.03333333333333333], [0, 0, 0, 0.04, 0.8, 0.04, 0.04, 0.04, 0.04], [0, 0, 0, 0, 0.05, 0.8, 0.05, 0.05, 0.05], [0, 0, 0, 0, 0, 0.06666666666666667, 0.8, 0.06666666666666667, 0.06666666666666667], [0, 0, 0, 0, 0, 0, 0.1, 0.8, 0.1], [0, 0, 0, 0, 0, 0, 0, 0.2, 0.8], [1, 0, 0, 0, 0, 0, 0, 0, 0]], [[1, 0, 0, 0, 0, 0, 0, 0, 0, 0, 0, 0], [0, 0.011095869961059133, 0.002716580195081334, 0.0264184702765939, 0.14871859544623653, 0.02552313782795571, 0.6833676849885675, 0.004168720536498411, 0.04389020760775072, 0.04748405358657498, 0.006616679573681874, 0], [0, 0.017520774207757765, 0.02533418564099609, 0.029334567914421725, 0.1035633132354825, 0.028245173209503163, 0.27533690672033095, 0.013367194179712065, 0.09794950138814723, 0.4015809232470823, 0.007767460256566243, 0], [0, 0.003623699758819135, 0.002312781070135526, 0.01150586642006373, 0.05574790421578069, 0.011571368445418687, 0.12280561209249162, 0.029723168066100935, 0.05878919006222088, 0.699571779227226, 0.004348630641742895, 0], [0, 0.005344865561552161, 0.0022712842508150967, 0.011421205913680703, 0.021921360592659273, 0.0009704309668041634, 0.11786899246287132, 0.021046012162169524, 0.012778237203628242, 0.7959951395537564, 0.010382471332063064, 0], [0, 0.007177296506628389, 0.013057153574142895, 0.00983534335586846, 0.13877877834706545, 0.010375944243518505, 0.15586451473742893, 0.0028203726792726197, 0.09815801612153174, 0.5471325261805551, 0.016800054253987888, 0], [0, 0.008852531943962173, 0.01709096615651808, 0.04370535050047526, 0.22555557448913396, 0.06042113410119915, 0.2942336685991692, 0.01181407829970995, 0.08151870275670423, 0.25612807236720053, 0.0006799207859274076, 0], [0, 0.008460767528737954, 0.008956804616868746, 0.0074064866155495275, 0.19046495711304773, 0.011797568916160824, 0.6408259489185791, 0.002180694082688511, 0.014716785908841339, 0.10863357014118914, 0.006556416158337096, 0], [0, 0, 0, 0, 0, 0, 0, 0, 0, 0, 0, 1]], [\'@\', \'a\', \'b\', \'c\', \'d\', \'e\', \'f\', \'g\', \'h\', \'i\', \'j\', \'$\'])", "([1, 0, 0, 0, 0, 0, 0, 0, 0], [[0, 1, 0, 0, 0, 0, 0, 0, 0], [0, 0.028571428571428574, 0.8, 0.028571428571428574, 0.028571428571428574, 0.028571428571428574, 0.028571428571428574, 0.028571428571428574, 0.028571428571428574], [0, 0, 0.03333333333333333, 0.8, 0.03333333333333333, 0.03333333333333333, 0.03333333333333333, 0.03333333333333333, 0.03333333333333333], [0, 0, 0, 0.04, 0.8, 0.04, 0.04, 0.04, 0.04], [0, 0, 0, 0, 0.05, 0.8, 0.05, 0.05, 0.05], [0, 0, 0, 0, 0, 0.06666666666666667, 0.8, 0.06666666666666667, 0.06666666666666667], [0, 0, 0, 0, 0, 0, 0.1, 0.8, 0.1], [0, 0, 0, 0, 0, 0, 0, 0.2, 0.8], [1, 0, 0, 0, 0, 0, 0, 0, 0]], [[1, 0, 0, 0, 0, 0, 0, 0, 0, 0, 0, 0], [0, 0.028425659859673113, 0.11318985534721086, 0.07656142802462651, 0.22105882189476683, 0.0885516613828273, 0.34170691799263603, 0.02691214726599888, 0.02122021371223192, 0.07334572478197889, 0.009027569738049697, 0], [0, 0.053248862467008946, 0.19608389245056032, 0.21574793967843614, 0.2658448650625926, 0.074459497222753, 0.08198089109801365, 0.07011166709405547, 0.009344652197016266, 0.01956333321457192, 0.013614399514991677, 0], [0, 0.09812164259635361, 0.18280842858036186, 0.39153981099227203, 0.04734545888418318, 0.06153119144644209, 0.010242886511299962, 0.15803113650635786, 0.028362458222644535, 0.001809887831642799, 0.020207098428442188, 0], [0, 0.13759518569147614, 0.17364295263442117, 0.31140596653694536, 0.0034309713894682486, 0.017853061226391017, 0.008370017064300546, 0.2933180990542795, 0.026874174780657484, 0.01586488777367821, 0.01164468384838226, 0], [0, 0.15357492667478562, 0.2833715185379672, 0.3335453441335377, 0.01846718864995439, 0.03403049618443271, 0.0035078809796679415, 0.13539812812172933, 0.019622897945688174, 0.016457927093992283, 0.0020236916782446143, 0], [0, 0.1630601595841462, 0.30983007453188255, 0.250062808861855, 0.0688842765830371, 0.049895709508680226, 0.015441417936214598, 0.024552031907329977, 0.1027365579023833, 0.00829852129711634, 0.007238441887354866, 0], [0, 0.013955199945957564, 0.013283630819420418, 0.009433929947019953, 0.08586055542781314, 0.36311371749819776, 0.4827231881561965, 0.006148284288761213, 0.011063889365842275, 0.014247657757086273, 0.00016994679370471266, 0], [0, 0, 0, 0, 0, 0, 0, 0, 0, 0, 0, 1]], [\'@\', \'a\', \'b\', \'c\', \'d\', \'e\', \'f\', \'g\', \'h\', \'i\', \'j\', \'$\'])", "([1, 0, 0, 0, 0, 0, 0, 0, 0], [[0, 1, 0, 0, 0, 0, 0, 0, 0], [0, 0.028571428571428574, 0.8, 0.028571428571428574, 0.028571428571428574, 0.028571428571428574, 0.028571428571428574, 0.028571428571428574, 0.028571428571428574], [0, 0, 0.03333333333333333, 0.8, 0.03333333333333333, 0.03333333333333333, 0.03333333333333333, 0.03333333333333333, 0.03333333333333333], [0, 0, 0, 0.04, 0.8, 0.04, 0.04, 0.04, 0.04], [0, 0, 0, 0, 0.05, 0.8, 0.05, 0.05, 0.05], [0, 0, 0, 0, 0, 0.06666666666666667, 0.8, 0.06666666666666667, 0.06666666666666667], [0, 0, 0, 0, 0, 0, 0.1, 0.8, 0.1], [0, 0, 0, 0, 0, 0, 0, 0.2, 0.8], [1, 0, 0, 0, 0, 0, 0, 0, 0]], [[1, 0, 0, 0, 0, 0, 0, 0, 0, 0, 0, 0], [0, 0.011750040213249033, 0.051208955462908004, 0.054589501461053104, 0.2469804126531202, 0.06009826660610035, 0.4651823010701378, 0.016079489526299895, 0.030658303007064593, 0.05303628551605578, 0.010416444484011219, 0], [0, 0.013985278600646703, 0.08833592995823304, 0.06906259679700638, 0.3577850827728937, 0.0673005062938368, 0.08685391378648862, 0.027548576543402727, 0.25845412129157697, 0.01607355319748924, 0.014600440758425912, 0], [0, 0.010438888790874273, 0.02042010138149795, 0.07856930170856835, 0.22911837550481096, 0.04299263048916943, 0.018201505261756668, 0.02170902856556266, 0.5559736303744586, 0.005790224992946455, 0.0167863129303547, 0], [0, 0.013340255208396578, 0.019172802862216533, 0.008710957612776767, 0.23874687365930686, 0.04120554324934141, 0.012450768448278894, 0.0124029960755014, 0.6395796120321535, 0.0007720346144486305, 0.01361815623757944, 0], [0, 0.0026537303633662667, 0.015576019146774235, 0.013733736714236118, 0.26914920265619763, 0.05096482791191765, 0.007064163792524225, 0.010425716336315406, 0.6012515719080084, 0.01942488775395249, 0.00975614341670752, 0], [0, 0.008780843995633517, 0.008206492909459084, 0.0049006030505295076, 0.24523546125259466, 0.01914481857345561, 0.0037817384269190316, 0.017605203972781622, 0.5745141373749244, 0.10823391148468937, 0.009596788959013242, 0], [0, 0.012420857765849412, 0.009269428302632603, 0.017065424073926853, 0.15329442435956658, 0.04349549708351497, 0.16427049728359672, 0.01189274168691063, 0.26180044344225084, 0.3180894561705911, 0.008401229831160291, 0], [0, 0, 0, 0, 0, 0, 0, 0, 0, 0, 0, 1]], [\'@\', \'a\', \'b\', \'c\', \'d\', \'e\', \'f\', \'g\', \'h\', \'i\', \'j\', \'$\'])", "([1, 0, 0, 0, 0, 0, 0, 0, 0], [[0, 1, 0, 0, 0, 0, 0, 0, 0], [0, 0.028571428571428574, 0.8, 0.028571428571428574, 0.028571428571428574, 0.028571428571428574, 0.028571428571428574, 0.028571428571428574, 0.028571428571428574], [0, 0, 0.03333333333333333, 0.8, 0.03333333333333333, 0.03333333333333333, 0.03333333333333333, 0.03333333333333333, 0.03333333333333333], [0, 0, 0, 0.04, 0.8, 0.04, 0.04, 0.04, 0.04], [0, 0, 0, 0, 0.05, 0.8, 0.05, 0.05, 0.05], [0, 0, 0, 0, 0, 0.06666666666666667, 0.8, 0.06666666666666667, 0.06666666666666667], [0, 0, 0, 0, 0, 0, 0.1, 0.8, 0.1], [0, 0, 0, 0, 0, 0, 0, 0.2, 0.8], [1, 0, 0, 0, 0, 0, 0, 0, 0]], [[1, 0, 0, 0, 0, 0, 0, 0, 0, 0, 0, 0], [0, 0.011311321470570075, 0.0068546729966254, 0.005792561886788702, 0.2802666481453798, 0.17365150647702443, 0.4364452892296693, 0.004904144461779575, 0.03434169228620901, 0.04144131355614754, 0.004990849489806272, 0], [0, 0.35938924268107475, 0.20406326379379616, 0.07831922287387198, 0.021429823817087076, 0.23024813470030028, 0.039031052501612075, 0.025371995683494783, 0.018933674774656267, 0.015640357846183596, 0.0075732313279233575, 0], [0, 0.6120500759782806, 0.1734336802287409, 0.07592930869824352, 0.02146116214659171, 0.05540268064419406, 0.002355313618839008, 0.03785259736342996, 0.00023308870218756312, 0.019643434454586876, 0.001638658164905788, 0], [0, 0.654320819342599, 0.1459152812284584, 0.10925550414758521, 0.024296323010074453, 0.013495553739245445, 0.0007789239219612669, 0.009628985516892471, 0.018799332033966498, 0.001489003484594915, 0.022020273574622346, 0], [0, 0.5623376512505649, 0.16186114500225313, 0.05062839345912339, 0.022394187499228793, 0.10482365785404667, 0.02231487784024986, 0.02995331217091324, 0.026832427357663217, 0.010905602951341999, 0.007948744614614844, 0], [0, 0.36498083615465793, 0.10823278063012774, 0.10045676423254216, 0.070628826743001