((17, 3.4), '([u\'MMMMMMMMMMMMMMMMM\', u\'SSSSSSSSSSSSSSSSS\', u\'EEEEEEEEEEEEEEEEE\', u\'IIIIIIIIIIIIIIIII\', u\'DDDDDDDDDDDDDDDDD\', u\'KKKKKKKKKKKKKKKKK\', u\'LLLLLLLLLLLLLLLLL\', u\'CCCCCCCCCCCCCCCCC\', u\'TTTTTTTTTTTTTTTTT\', u\'PPPPPPPPPPPPPPPPP\', u\'UUUUUUUUUUUUUUUUU\', u\'XXXXXXXXXXXXXXXXX\', u\'WWWWWWWWWWWWWWWWW\', u\'HHHHHHHHHHHHHHHHH\', u\'BBBBBBBBBBBBBBBBB\', u\'FFFFFFFFFFFFFFFFF\', u\'ZZZZZZZZZZZZZZZZZ\', u\'QQQQQQQQQQQQQQQQQ\', u\'NNNNNNNNNNNNNNNNN\', u\'VVVVVVVVVVVVVVVVV\', u\'GGGGGGGGGGGGGGGGG\', u\'AAAAAAAAAAAAAAAAA\', u\'YYYYYYYYYYYYYYYYY\', u\'OOOOOOOOOOOOOOOOO\', u\'RRRRRRRRRRRRRRRRR\', u\'JJJJJJJJJJJJJJJJJ\'], ["([1, 0, 0, 0, 0, 0, 0, 0, 0, 0, 0, 0, 0, 0, 0, 0, 0, 0, 0], [[0, 1, 0, 0, 0, 0, 0, 0, 0, 0, 0, 0, 0, 0, 0, 0, 0, 0, 0], [0, 0.011764705882352941, 0.8, 0.011764705882352941, 0.011764705882352941, 0.011764705882352941, 0.011764705882352941, 0.011764705882352941, 0.011764705882352941, 0.011764705882352941, 0.011764705882352941, 0.011764705882352941, 0.011764705882352941, 0.011764705882352941, 0.011764705882352941, 0.011764705882352941, 0.011764705882352941, 0.011764705882352941, 0.011764705882352941], [0, 0, 0.0125, 0.8, 0.0125, 0.0125, 0.0125, 0.0125, 0.0125, 0.0125, 0.0125, 0.0125, 0.0125, 0.0125, 0.0125, 0.0125, 0.0125, 0.0125, 0.0125], [0, 0, 0, 0.013333333333333334, 0.8, 0.013333333333333334, 0.013333333333333334, 0.013333333333333334, 0.013333333333333334, 0.013333333333333334, 0.013333333333333334, 0.013333333333333334, 0.013333333333333334, 0.013333333333333334, 0.013333333333333334, 0.013333333333333334, 0.013333333333333334, 0.013333333333333334, 0.013333333333333334], [0, 0, 0, 0, 0.014285714285714287, 0.8, 0.014285714285714287, 0.014285714285714287, 0.014285714285714287, 0.014285714285714287, 0.014285714285714287, 0.014285714285714287, 0.014285714285714287, 0.014285714285714287, 0.014285714285714287, 0.014285714285714287, 0.014285714285714287, 0.014285714285714287, 0.014285714285714287], [0, 0, 0, 0, 0, 0.015384615384615385, 0.8, 0.015384615384615385, 0.015384615384615385, 0.015384615384615385, 0.015384615384615385, 0.015384615384615385, 0.015384615384615385, 0.015384615384615385, 0.015384615384615385, 0.015384615384615385, 0.015384615384615385, 0.015384615384615385, 0.015384615384615385], [0, 0, 0, 0, 0, 0, 0.016666666666666666, 0.8, 0.016666666666666666, 0.016666666666666666, 0.016666666666666666, 0.016666666666666666, 0.016666666666666666, 0.016666666666666666, 0.016666666666666666, 0.016666666666666666, 0.016666666666666666, 0.016666666666666666, 0.016666666666666666], [0, 0, 0, 0, 0, 0, 0, 0.018181818181818184, 0.8, 0.018181818181818184, 0.018181818181818184, 0.018181818181818184, 0.018181818181818184, 0.018181818181818184, 0.018181818181818184, 0.018181818181818184, 0.018181818181818184, 0.018181818181818184, 0.018181818181818184], [0, 0, 0, 0, 0, 0, 0, 0, 0.02, 0.8, 0.02, 0.02, 0.02, 0.02, 0.02, 0.02, 0.02, 0.02, 0.02], [0, 0, 0, 0, 0, 0, 0, 0, 0, 0.022222222222222223, 0.8, 0.022222222222222223, 0.022222222222222223, 0.022222222222222223, 0.022222222222222223, 0.022222222222222223, 0.022222222222222223, 0.022222222222222223, 0.022222222222222223], [0, 0, 0, 0, 0, 0, 0, 0, 0, 0, 0.025, 0.8, 0.025, 0.025, 0.025, 0.025, 0.025, 0.025, 0.025], [0, 0, 0, 0, 0, 0, 0, 0, 0, 0, 0, 0.028571428571428574, 0.8, 0.028571428571428574, 0.028571428571428574, 0.028571428571428574, 0.028571428571428574, 0.028571428571428574, 0.028571428571428574], [0, 0, 0, 0, 0, 0, 0, 0, 0, 0, 0, 0, 0.03333333333333333, 0.8, 0.03333333333333333, 0.03333333333333333, 0.03333333333333333, 0.03333333333333333, 0.03333333333333333], [0, 0, 0, 0, 0, 0, 0, 0, 0, 0, 0, 0, 0, 0.04, 0.8, 0.04, 0.04, 0.04, 0.04], [0, 0, 0, 0, 0, 0, 0, 0, 0, 0, 0, 0, 0, 0, 0.05, 0.8, 0.05, 0.05, 0.05], [0, 0, 0, 0, 0, 0, 0, 0, 0, 0, 0, 0, 0, 0, 0, 0.06666666666666667, 0.8, 0.06666666666666667, 0.06666666666666667], [0, 0, 0, 0, 0, 0, 0, 0, 0, 0, 0, 0, 0, 0, 0, 0, 0.1, 0.8, 0.1], [0, 0, 0, 0, 0, 0, 0, 0, 0, 0, 0, 0, 0, 0, 0, 0, 0, 0.2, 0.8], [1, 0, 0, 0, 0, 0, 0, 0, 0, 0, 0, 0, 0, 0, 0, 0, 0, 0, 0]], [[1, 0, 0, 0, 0, 0, 0, 0, 0, 0, 0, 0], [0, 0.0016634032971692943, 0.013256355595633372, 0.009341887803958046, 0.04619916756246378, 0.054796622680272654, 0.7396576601638897, 0.002757634657853208, 0.017515272739258864, 0.10207756522030283, 0.012734430279198315, 0], [0, 0.0015449121263985922, 0.016300096478188156, 0.025319784015862504, 0.07881868013585867, 0.0653913641272901, 0.6316859401469579, 0.00900701584783392, 0.02006797633019848, 0.13875179273865582, 0.013112438052755812, 0], [0, 0.012682027830077047, 0.024100416884837154, 0.022180908035972318, 0.051759728371159226, 0.018609304711747536, 0.5806386836288494, 0.014268345054532118, 0.011645081193858828, 0.25594408858710777, 0.008171415701858746, 0], [0, 0.006258596198416814, 0.0025843751201290854, 0.011691659065887747, 0.022044101259214174, 0.027139263853240198, 0.6009473904893671, 0.004885866777917834, 0.01786247694843121, 0.30503598985644564, 0.001550280430950438, 0], [0, 0.0037327809923759165, 0.011989331915708116, 0.004081306507241196, 0.017669969719517824, 0.01430607855424899, 0.5622120006598348, 0.0066650978810589385, 0.014317626199996995, 0.3520877390565643, 0.01293806851345289, 0], [0, 0.01421071422990644, 0.011477492497151203, 0.004194969676730089, 0.004544612914939693, 0.024463750375724496, 0.6377943093215139, 0.006745634648856854, 0.011773859654881414, 0.27822366260850595, 0.006570994071790037, 0], [0, 0.011845134335330425, 0.01654888378812819, 0.01166156863773573, 0.032441841432529574, 0.002541929845392902, 0.530750296722248, 0.01345891512897192, 0.0003158813629236553, 0.368139863863444, 0.01229568488329566, 0], [0, 0.006881735519108139, 0.000574005953035092, 0.018286091414012225, 0.027886920756757187, 0.015359303059342841, 0.4523333709687094, 0.01449344661191338, 0.0053601663513521474, 0.4487231981574073, 0.01010176120836223, 0], [0, 0.011761306201237104, 0.015967720830470412, 0.004513084476519542, 0.017296388177286928, 0.013441452256821662, 0.4309310752119956, 0.01701712476540634, 0.012030562427430617, 0.46500276367498655, 0.012038521977845369, 0], [0, 0.0004443568000789362, 0.0062473222446208345, 0.010024132220358329, 0.02333990540963904, 0.0007858960904967443, 0.4744692966789326, 0.0028195690968541784, 0.017551475261924788, 0.4402758054520652, 0.02404224074502937, 0], [0, 0.013377036377486473, 0.00626834437197279, 0.013216591976938454, 0.013391290213495447, 0.0010850316708978633, 0.4229554771941014, 0.0025865210798777984, 0.018297651547336716, 0.49206374918625473, 0.016758306381638343, 0], [0, 0.013266415247574206, 0.0017915716465498148, 0.008038417342154585, 0.0038809972369674493, 0.011878685629267556, 0.4315237793099552, 0.016011326006509088, 0.004817187921073109, 0.5071292897832752, 0.001662329876673736, 0], [0, 0.012480812348802746, 0.016002227471957696, 0.012954928066698393, 0.010218716427925113, 0.004011422517333661, 0.45508453046450614, 0.004112444655387948, 0.005724941775718592, 0.47865182946615303, 0.0007581468055167014, 0], [0, 0.008315205581852867, 0.009967099364931179, 0.007674152082012617, 0.0020963226609393435, 0.017040811555381865, 0.40808031359851327, 0.0063916236599394225, 0.023015508480873408, 0.49344965010518843, 0.02396931291036742, 0], [0, 0.021011929206510585, 5.7318144461815725e-05, 0.004159231574304928, 0.00813216660866863, 0.0008405138851253679, 0.3544468061224794, 0.014709603239443368, 0.023993608874634677, 0.5471901809896874, 0.025458641354683773, 0], [0, 0.007845642284919378, 0.003068850723958037, 0.01572505773911086, 0.015230108564695685, 0.005865410571574988, 0.38789858193509386, 0.006048224309794732, 0.023662987724655082, 0.524467051868425, 0.010188084277772428, 0], [0, 0.0052563171837893595, 0.002147364560058805, 0.010788564848760925, 0.001531918582503027, 0.002964735309658262, 0.5377567286043169, 0.017592937460512242, 0.006039050104358194, 0.3984168049803861, 0.01750557836565634, 0], [0, 0, 0, 0, 0, 0, 0, 0, 0, 0, 0, 1]], [\'@\', \'a\', \'b\', \'c\', \'d\', \'e\', \'f\', \'g\', \'h\', \'i\', \'j\', \'$\'])", "([1, 0, 0, 0, 0, 0, 0, 0, 0, 0, 0, 0, 0, 0, 0, 0, 0, 0, 0], [[0, 1, 0, 0, 0, 0, 0, 0, 0, 0, 0, 0, 0, 0, 0, 0, 0, 0, 0], [0, 0.011764705882352941, 0.8, 0.011764705882352941, 0.011764705882352941, 0.011764705882352941, 0.011764705882352941, 0.011764705882352941, 0.011764705882352941, 0.011764705882352941, 0.011764705882352941, 0.011764705882352941, 0.011764705882352941, 0.011764705882352941, 0.011764705882352941, 0.011764705882352941, 0.011764705882352941, 0.011764705882352941, 0.011764705882352941], [0, 0, 0.0125, 0.8, 0.0125, 0.0125, 0.0125, 0.0125, 0.0125, 0.0125, 0.0125, 0.0125, 0.0125, 0.0125, 0.0125, 0.0125, 0.0125, 0.0125, 0.0125], [0, 0, 0, 0.013333333333333334, 0.8, 0.013333333333333334, 0.013333333333333334, 0.013333333333333334, 0.013333333333333334, 0.013333333333333334, 0.013333333333333334, 0.013333333333333334, 0.013333333333333334, 0.013333333333333334, 0.013333333333333334, 0.013333333333333334, 0.013333333333333334, 0.013333333333333334, 0.013333333333333334], [0, 0, 0, 0, 0.014285714285714287, 0.8, 0.014285714285714287, 0.014285714285714287, 0.014285714285714287, 0.014285714285714287, 0.014285714285714287, 0.014285714285714287, 0.014285714285714287, 0.014285714285714287, 0.014285714285714287, 0.014285714285714287, 0.014285714285714287, 0.014285714285714287, 0.014285714285714287], [0, 0, 0, 0, 0, 0.015384615384615385, 0.8, 0.015384615384615385, 0.015384615384615385, 0.015384615384615385, 0.015384615384615385, 0.015384615384615385, 0.015384615384615385, 0.015384615384615385, 0.015384615384615385, 0.015384615384615385, 0.015384615384615385, 0.015384615384615385, 0.015384615384615385], [0, 0, 0, 0, 0, 0, 0.016666666666666666, 0.8, 0.016666666666666666, 0.016666666666666666, 0.016666666666666666, 0.016666666666666666, 0.016666666666666666, 0.016666666666666666, 0.016666666666666666, 0.016666666666666666, 0.016666666666666666, 0.016666666666666666, 0.016666666666666666], [0, 0, 0, 0, 0, 0, 0, 0.018181818181818184, 0.8, 0.018181818181818184, 0.018181818181818184, 0.018181818181818184, 0.018181818181818184, 0.018181818181818184, 0.018181818181818184, 0.018181818181818184, 0.018181818181818184, 0.018181818181818184, 0.018181818181818184], [0, 0, 0, 0, 0, 0, 0, 0, 0.02, 0.8, 0.02, 0.02, 0.02, 0.02, 0.02, 0.02, 0.02, 0.02, 0.02], [0, 0, 0, 0, 0, 0, 0, 0, 0, 0.022222222222222223, 0.8, 0.022222222222222223, 0.022222222222222223, 0.022222222222222223, 0.022222222222222223, 0.022222222222222223, 0.022222222222222223, 0.022222222222222223, 0.022222222222222223], [0, 0, 0, 0, 0, 0, 0, 0, 0, 0, 0.025, 0.8, 0.025, 0.025, 0.025, 0.025, 0.025, 0.025, 0.025], [0, 0, 0, 0, 0, 0, 0, 0, 0, 0, 0, 0.028571428571428574, 0.8, 0.028571428571428574, 0.028571428571428574, 0.028571428571428574, 0.028571428571428574, 0.028571428571428574, 0.028571428571428574], [0, 0, 0, 0, 0, 0, 0, 0, 0, 0, 0, 0, 0.03333333333333333, 0.8, 0.03333333333333333, 0.03333333333333333, 0.03333333333333333, 0.03333333333333333, 0.03333333333333333], [0, 0, 0, 0, 0, 0, 0, 0, 0, 0, 0, 0, 0, 0.04, 0.8, 0.04, 0.04, 0.04, 0.04], [0, 0, 0, 0, 0, 0, 0, 0, 0, 0, 0, 0, 0, 0, 0.05, 0.8, 0.05, 0.05, 0.05], [0, 0, 0, 0, 0, 0, 0, 0, 0, 0, 0, 0, 0, 0, 0, 0.06666666666666667, 0.8, 0.06666666666666667, 0.06666666666666667], [0, 0, 0, 0, 0, 0, 0, 0, 0, 0, 0, 0, 0, 0, 0, 0, 0.1, 0.8, 0.1], [0, 0, 0, 0, 0, 0, 0, 0, 0, 0, 0, 0, 0, 0, 0, 0, 0, 0.2, 0.8], [1, 0, 0, 0, 0, 0, 0, 0, 0, 0, 0, 0, 0, 0, 0, 0, 0, 0, 0]], [[1, 0, 0, 0, 0, 0, 0, 0, 0, 0, 0, 0], [0, 0.00940815950674941, 0.01127624107933792, 0.013352416305324468, 0.051621470803723785, 0.0009245363382167346, 0.1691863818225576, 0.015795646439087152, 0.012230380782860595, 0.7135244886020974, 0.002680278320044937, 0], [0, 0.007227159201959718, 0.014591430310511485, 0.010187740916895503, 0.028040296364700693, 0.004956322343112818, 0.059550787654428415, 0.03853950796373502, 0.03528400101668243, 0.7950517172692525, 0.00657103695872133, 0], [0, 0.007196650381145591, 0.017316278962071784, 0.014415222555688972, 0.052827383673893974, 0.008400872615887395, 0.031678655048583894, 0.05210186815230105, 0.04339242261839079, 0.7615996642051581, 0.011070981786878343, 0], [0, 0.004352033416545321, 0.01340398124968773, 0.019319892606320044, 0.07451127013540039, 0.0048491260977500976, 0.0015186954275372114, 0.1292064654902029, 0.015432639046012648, 0.7199233550211804, 0.017482541509363177, 0], [0, 0.017443719079702207, 0.007829416549907762, 0.04928284525520658, 0.10431008826381731, 0.015671060694284974, 0.007400642725620983, 0.13525934813957222, 0.04836468608338056, 0.594943906360188, 0.019494286848319373, 0], [0, 0.007317469576873459, 0.020618198903695706, 0.03258403903439306, 0.10238865118284558, 0.004432299059200461, 0.014409021494395593, 0.222075717837746, 0.04389170609131718, 0.5515572626818729, 0.0007256341376601962, 0], [0, 0.017066383397489913, 0.01835881844402097, 0.031675519988934295, 0.07785578812161241, 0.003151410159295243, 0.0008350499208787558, 0.3394269532326887, 0.033595251657493115, 0.4634712930795764, 0.014563531998010222, 0], [0, 0.014468398786423612, 0.023130326060781414, 0.060354682675757075, 0.16573409617649473, 0.00914558682316688, 0.0024455929979284707, 0.35301672766833614, 0.03877384064886947, 0.31696367256551267, 0.01596707559672957, 0], [0, 0.008483242837440575, 0.0204474107693326, 0.07714954570132694, 0.152762278327352, 0.0019517834368546125, 0.018737648703197128, 0.4600249089144795, 0.05813549499836071, 0.18872889945042678, 0.013578786861228985, 0], [0, 0.003064717891245839, 0.026023898154702105, 0.0735232885836306, 0.06432726536214436, 0.012943091982242126, 0.004377029717387409, 0.6192809895160446, 0.04353283697063013, 0.14214802217216974, 0.010778859649802998, 0], [0, 0.002170166504259678, 0.03355008636439173, 0.054214164658552846, 0.0576761873254529, 0.01688601424079809, 0.014331381466734192, 0.654931232428905, 0.07265171721530005, 0.0902790440372222, 0.0033100057583832616, 0], [0, 0.00024204935539218322, 0.016961021196207703, 0.0582991244732376, 0.06917403386693335, 0.021961851089285136, 0.011426794150064767, 0.6843701204495646, 0.08644599294800427, 0.03444471539275112, 0.0166742970785594, 0], [0, 0.019390241454321784, 0.013445250130892032, 0.0005577378696114805, 0.061457617633667375, 0.0007365820441750638, 0.011096770643432936, 0.7700881987141255, 0.09364092840773489, 0.015852360273531853, 0.013734312828506994, 0], [0, 0.009255456753015586, 0.022892523658406036, 0.033037233560564275, 0.03021703439346944, 0.009510643971123327, 0.0010049989200502756, 0.7504279070178669, 0.11773597258163183, 0.015994642580653567, 0.0099235865632187, 0], [0, 0.011845439182671244, 0.028749940330178733, 0.02347543475143669, 0.04509227710712871, 0.006946967378629152, 0.0010632076273640958, 0.7004079400448846, 0.1539671903181638, 0.018068579018927427, 0.010383024240615492, 0], [0, 0.01680134433140408, 0.012513333533450298, 0.03700413177889641, 0.04197787892836923, 0.00146086199884334, 0.0016172496221007364, 0.6215846471794911, 0.21406842109603713, 0.03948654215749928, 0.013485589373908414, 0], [0, 0.009862310443432968, 0.010388027184632123, 0.030352667702468614, 0.06683341402339987, 0.015226974927763004, 0.00459020795365532, 0.488442417040278, 0.2876213900431865, 0.08612939322656085, 0.000553197454622677, 0], [0, 0, 0, 0, 0, 0, 0, 0, 0, 0, 0, 1]], [\'@\', \'a\', \'b\', \'c\', \'d\', \'e\', \'f\', \'g\', \'h\', \'i\', \'j\', \'$\'])", "([1, 0, 0, 0, 0, 0, 0, 0, 0, 0, 0, 0, 0, 0, 0, 0, 0, 0, 0], [[0, 1, 0, 0, 0, 0, 0, 0, 0, 0, 0, 0, 0, 0, 0, 0, 0, 0, 0], [0, 0.011764705882352941, 0.8, 0.011764705882352941, 0.011764705882352941, 0.011764705882352941, 0.011764705882352941, 0.011764705882352941, 0.011764705882352941, 0.011764705882352941, 0.011764705882352941, 0.011764705882352941, 0.011764705882352941, 0.011764705882352941, 0.011764705882352941, 0.011764705882352941, 0.011764705882352941, 0.011764705882352941, 0.011764705882352941], [0, 0, 0.0125, 0.8, 0.0125, 0.0125, 0.0125, 0.0125, 0.0125, 0.0125, 0.0125, 0.0125, 0.0125, 0.0125, 0.0125, 0.0125, 0.0125, 0.0125, 0.0125], [0, 0, 0, 0.013333333333333334, 0.8, 0.013333333333333334, 0.013333333333333334, 0.013333333333333334, 0.013333333333333334, 0.013333333333333334, 0.013333333333333334, 0.013333333333333334, 0.013333333333333334, 0.013333333333333334, 0.013333333333333334, 0.013333333333333334, 0.013333333333333334, 0.013333333333333334, 0.013333333333333334], [0, 0, 0, 0, 0.014285714285714287, 0.8, 0.014285714285714287, 0.014285714285714287, 0.014285714285714287, 0.014285714285714287, 0.014285714285714287, 0.014285714285714287, 0.014285714285714287, 0.014285714285714287, 0.014285714285714287, 0.014285714285714287, 0.014285714285714287, 0.014285714285714287, 0.014285714285714287], [0, 0, 0, 0, 0, 0.015384615384615385, 0.8, 0.015384615384615385, 0.015384615384615385, 0.015384615384615385, 0.015384615384615385, 0.015384615384615385, 0.015384615384615385, 0.015384615384615385, 0.015384615384615385, 0.015384615384615385, 0.015384615384615385, 0.015384615384615385, 0.015384615384615385], [0, 0, 0, 0, 0, 0, 0.016666666666666666, 0.8, 0.016666666666666666, 0.016666666666666666, 0.016666666666666666, 0.016666666666666666, 0.016666666666666666, 0.016666666666666666, 0.016666666666666666, 0.016666666666666666, 0.016666666666666666, 0.016666666666666666, 0.016666666666666666], [0, 0, 0, 0, 0, 0, 0, 0.018181818181818184, 0.8, 0.018181818181818184, 0.018181818181818184, 0.018181818181818184, 0.018181818181818184, 0.018181818181818184, 0.018181818181818184, 0.018181818181818184, 0.018181818181818184, 0.018181818181818184, 0.018181818181818184], [0, 0, 0, 0, 0, 0, 0, 0, 0.02, 0.8, 0.02, 0.02, 0.02, 0.02, 0.02, 0.02, 0.02, 0.02, 0.02], [0, 0, 0, 0, 0, 0, 0, 0, 0, 0.022222222222222223, 0.8, 0.022222222222222223, 0.022222222222222223, 0.022222222222222223, 0.022222222222222223, 0.022222222222222223, 0.022222222222222223, 0.022222222222222223, 0.022222222222222223], [0, 0, 0, 0, 0, 0, 0, 0, 0, 0, 0.025, 0.8, 0.025, 0.025, 0.025, 0.025, 0.025, 0.025, 0.025], [0, 0, 0, 0, 0, 0, 0, 0, 0, 0, 0, 0.028571428571428574, 0.8, 0.028571428571428574, 0.028571428571428574, 0.028571428571428574, 0.028571428571428574, 0.028571428571428574, 0.028571428571428574], [0, 0, 0, 0, 0, 0, 0, 0, 0, 0, 0, 0, 0.03333333333333333, 0.8, 0.03333333333333333, 0.03333333333333333, 0.03333333333333333, 0.03333333333333333, 0.03333333333333333], [0, 0, 0, 0, 0, 0, 0, 0, 0, 0, 0, 0, 0, 0.04, 0.8, 0.04, 0.04, 0.04, 0.04], [0, 0, 0, 0, 0, 0, 0, 0, 0, 0, 0, 0, 0, 0, 0.05, 0.8, 0.05, 0.05, 0.05], [0, 0, 0, 0, 0, 0, 0, 0, 0, 0, 0, 0, 0, 0, 0, 0.06666666666666667, 0.8, 0.06666666666666667, 0.06666666666666667], [0, 0, 0, 0, 0, 0, 0, 0, 0, 0, 0, 0, 0, 0, 0, 0, 0.1, 0.8, 0.1], [0, 0, 0, 0, 0, 0, 0, 0, 0, 0, 0, 0, 0, 0, 0, 0, 0, 0.2, 0.8], [1, 0, 0, 0, 0, 0, 0, 0, 0, 0, 0, 0, 0, 0, 0, 0, 0, 0, 0]], [[1, 0, 0, 0, 0, 0, 0, 0, 0, 0, 0, 0], [0, 0.02428378128182206, 0.04613785269832504, 0.05206314226514823, 0.11039801022549314, 0.04145818767394242, 0.4048195250658783, 0.029364169509092465, 0.07995983042107727, 0.19835873329561277, 0.013156767563608262, 0], [0, 0.0019327825673708732, 0.12438703475309028, 0.19971835196429563, 0.309547620917428, 0.03167664948231682, 0.1183589816847699, 0.08315582671970899, 0.09284756515614175, 0.0345598571196549, 0.0038153296352228046, 0], [0, 0.0015265048489844864, 0.019984337862615782, 0.30354040597522014, 0.20853331071196565, 0.01749439508766613, 0.039074363253947614, 0.3307020517502355, 0.05643958775014673, 0.022003979723496755, 0.0007010630357212, 0], [0, 0.010258923391533286, 0.043949998249636246, 0.14513763208341046, 0.09480040998721477, 0.0037456427555067496, 0.0003853899835450284, 0.5853733264356658, 0.06314132120260323, 0.027806917187302632, 0.0254004387235819, 0], [0, 0.0018298430009213802, 0.012977651429595108, 0.08347192201494597, 0.05606341770156292, 0.0063937433800588745, 0.0015622936260650398, 0.7199274781985806, 0.06739341437552503, 0.03301560643237236, 0.0173646298403727, 0], [0, 0.008120203038026352, 0.013063349941938541, 0.03828957514818353, 0.01048671766145299, 0.014473398265620606, 0.007961606435660705, 0.8535307149630228, 0.03587222496326238, 0.018024177740290165, 0.00017803184254196717, 0], [0, 0.011181910551323693, 0.008423052220516947, 0.02688544735555146, 0.0001307831740951895, 0.003861741503676537, 0.007053253920365944, 0.9051828961712504, 0.016874776896061306, 0.012844404916990534, 0.0075617332901678595, 0], [0, 0.0124320766601625, 0.013658111206421918, 0.03352593652939356, 0.01213886510599365, 0.014660136972789761, 0.0019079230028785713, 0.8873025896091354, 0.00914078643065532, 0.0010507859873598912, 0.01418278849520946, 0], [0, 0.004934323674140313, 0.0040987238710219935, 0.02367644547152028, 0.014346345503498378, 0.010761462077746791, 0.004347116577476384, 0.9027322911200789, 0.01767217701881581, 0.0002519305507103398, 0.01717918413499072, 0], [0, 0.016078178085402104, 0.0047612849362219925, 0.02434322455007015, 0.012012136197029552, 0.002952316893339927, 0.0037377231665073037, 0.9076431934069056, 0.009626777490607552, 0.012905254940101774, 0.005939910333814016, 0], [0, 0.01176065539142256, 0.014038036785686391, 0.0056155910248650775, 0.009748302190247774, 0.003287328065327178, 0.010362876700871618, 0.8758026170669043, 0.04938188682377538, 0.008163002105838186, 0.011839703845061516, 0], [0, 0.010630401933487669, 0.0038510091806495095, 0.02157158368804057, 0.0055011312466067015, 0.0068229722355893285, 0.013978526789914066, 0.7969624112383987, 0.11262356228493965, 0.023249275429818982, 0.004809125972554867, 0], [0, 0.016049824997019235, 0.002848022287881508, 0.004797005898781885, 0.012587534840024821, 0.003910353188976149, 0.015310596160817617, 0.6807425390347381, 0.23737157506088513, 0.021459694941264217, 0.004922853589611133, 0], [0, 0.012801004832128463, 0.00022665010526082594, 0.0002982144651522492, 0.01798325367752782, 0.01813642342120286, 0.007960171732651103, 0.49437901064657075, 0.38871940197362576, 0.04668107005160597, 0.01281479909427429, 0], [0, 0.013174573918095771, 0.013691247993014929, 0.04155136938116558, 0.0060533873536821265, 0.0023757932164780644, 0.012488647538162874, 0.3825691573468717, 0.4220231679254273, 0.1059542947615344, 0.00011836056556732023, 0], [0, 0.002569829563049592, 0.007426259147804301, 0.0054691150884834585, 0.023874556155916264, 0.022217601286091467, 3.2816499051155654e-05, 0.31355361541715543, 0.4207819702809021, 0.1952566247386074, 0.008817611822938725, 0], [0, 0.00993999213465386, 0.01197167734623161, 0.016195994536904772, 0.014826071192557294, 0.011807206013357713, 0.019345509749895396, 0.171544670006225, 0.4405394339725297, 0.29910453899643535, 0.004724906051209332, 0], [0, 0, 0, 0, 0, 0, 0, 0, 0, 0, 0, 1]], [\'@\', \'a\', \'b\', \'c\', \'d\', \'e\', \'f\', \'g\', \'h\', \'i\', \'j\', \'$\'])", "([1, 0, 0, 0, 0, 0, 0, 0, 0, 0, 0, 0, 0, 0, 0, 0, 0, 0, 0], [[0, 1, 0, 0, 0, 0, 0, 0, 0, 0, 0, 0, 0, 0, 0, 0, 0, 0, 0], [0, 0.011764705882352941, 0.8, 0.011764705882352941, 0.011764705882352941, 0.011764705882352941, 0.011764705882352941, 0.011764705882352941, 0.011764705882352941, 0.011764705882352941, 0.011764705882352941, 0.011764705882352941, 0.011764705882352941, 0.011764705882352941, 0.011764705882352941, 0.011764705882352941, 0.011764705882352941, 0.011764705882352941, 0.011764705882352941], [0, 0, 0.0125, 0.8, 0.0125, 0.0125, 0.0125, 0.0125, 0.0125, 0.0125, 0.0125, 0.0125, 0.0125, 0.0125, 0.0125, 0.0125, 0.0125, 0.0125, 0.0125], [0, 0, 0, 0.013333333333333334, 0.8, 0.013333333333333334, 0.013333333333333334, 0.013333333333333334, 0.013333333333333334, 0.013333333333333334, 0.013333333333333334, 0.013333333333333334, 0.013333333333333334, 0.013333333333333334, 0.013333333333333334, 0.013333333333333334, 0.013333333333333334, 0.013333333333333334, 0.013333333333333334], [0, 0, 0, 0, 0.014285714285714287, 0.8, 0.014285714285714287, 0.014285714285714287, 0.014285714285714287, 0.014285714285714287, 0.014285714285714287, 0.014285714285714287, 0.014285714285714287, 0.014285714285714287, 0.014285714285714287, 0.014285714285714287, 0.014285714285714287, 0.014285714285714287, 0.014285714285714287], [0, 0, 0, 0, 0, 0.015384615384615385, 0.8, 0.015384615384615385, 0.015384615384615385, 0.015384615384615385, 0.015384615384615385, 0.015384615384615385, 0.015384615384615385, 0.015384615384615385, 0.015384615384615385, 0.015384615384615385, 0.015384615384615385, 0.015384615384615385, 0.015384615384615385], [0, 0, 0, 0, 0, 0, 0.016666666666666666, 0.8, 0.016666666666666666, 0.016666666666666666, 0.016666666666666666, 0.016666666666666666, 0.016666666666666666, 0.016666666666666666, 0.016666666666666666, 0.016666666666666666, 0.016666666666666666, 0.016666666666666666, 0.016666666666666666], [0, 0, 0, 0, 0, 0, 0, 0.018181818181818184, 0.8, 0.018181818181818184, 0.018181818181818184, 0.018181818181818184, 0.018181818181818184, 0.018181818181818184, 0.018181818181818184, 0.018181818181818184, 0.018181818181818184, 0.018181818181818184, 0.018181818181818184], [0, 0, 0, 0, 0, 0, 0, 0, 0.02, 0.8, 0.02, 0.02, 0.02, 0.02, 0.02, 0.02, 0.02, 0.02, 0.02], [0, 0, 0, 0, 0, 0, 0, 0, 0, 0.022222222222222223, 0.8, 0.022222222222222223, 0.022222222222222223, 0.022222222222222223, 0.022222222222222223, 0.022222222222222223, 0.022222222222222223, 0.022222222222222223, 0.022222222222222223], [0, 0, 0, 0, 0, 0, 0, 0, 0, 0, 0.025, 0.8, 0.025, 0.025, 0.025, 0.025, 0.025, 0.025, 0.025], [0, 0, 0, 0, 0, 0, 0, 0, 0, 0, 0, 0.028571428571428574, 0.8, 0.028571428571428574, 0.028571428571428574, 0.028571428571428574, 0.028571428571428574, 0.028571428571428574, 0.028571428571428574], [0, 0, 0, 0, 0, 0, 0, 0, 0, 0, 0, 0, 0.03333333333333333, 0.8, 0.03333333333333333, 0.03333333333333333, 0.03333333333333333, 0.03333333333333333, 0.03333333333333333], [0, 0, 0, 0, 0, 0, 0, 0, 0, 0, 0, 0, 0, 0.04, 0.8, 0.04, 0.04, 0.04, 0.04], [0, 0, 0, 0, 0, 0, 0, 0, 0, 0, 0, 0, 0, 0, 0.05, 0.8, 0.05, 0.05, 0.05], [0, 0, 0, 0, 0, 0, 0, 0, 0, 0, 0, 0, 0, 0, 0, 0.06666666666666667, 0.8, 0.06666666666666667, 0.06666666666666667], [0, 0, 0, 0, 0, 0, 0, 0, 0, 0, 0, 0, 0, 0, 0, 0, 0.1, 0.8, 0.1], [0, 0, 0, 0, 0, 0, 0, 0, 0, 0, 0, 0, 0, 0, 0, 0, 0, 0.2, 0.8], [1, 0, 0, 0, 0, 0, 0, 0, 0, 0, 0, 0, 0, 0, 0, 0, 0, 0, 0]], [[1, 0, 0, 0, 0, 0, 0, 0, 0, 0, 0, 0], [0, 0.033297728592838347, 0.0173273071567864, 0.015397520308614661, 0.059595977535316334, 0.057681116375941296, 0.4056979561978181, 0.007459587712291603, 0.04812061325821324, 0.3387783548268715, 0.01664383803530845, 0], [0, 0.030240434800114412, 0.004900578363557989, 0.016451128664457557, 0.07306652998430364, 0.05918916389199117, 0.41365864255973683, 0.01281194303298113, 0.08428401054727302, 0.29319731069779015, 0.012200257457794125, 0], [0, 0.02776555094387428, 0.03126330198862926, 0.016087741881292313, 0.08792172872946895, 0.07013529630997097, 0.41693739354572806, 0.009028943652193309, 0.09610944931616638, 0.23008761995152752, 0.014662973681149003, 0], [0, 0.020324456007681846, 0.033156521889811816, 0.01754948174996506, 0.1162427459741414, 0.06286752973827209, 0.3946153666122037, 0.028241367048871514, 0.10717302566184977, 0.20737736056774717, 0.012452144749455671, 0], [0, 0.03427431303041214, 0.042280376463173765, 0.02722968235292282, 0.11150355520704562, 0.09255518187006946, 0.3831762552592976, 0.0018150423911558902, 0.16264036994258596, 0.1357571279313902, 0.008768095551946613, 0], [0, 0.04497486775199269, 0.04475640453716406, 0.03516306897638044, 0.155316960975982, 0.12718703536473422, 0.3338157481248923, 0.020644541931496296, 0.1426809675258817, 0.0852891875585169, 0.01017121725295947, 0], [0, 0.077535131576996, 0.048637814437833424, 0.06299634920354844, 0.15454040646612308, 0.14224035380473, 0.28913529081813644, 0.017388813355601686, 0.13840430260763695, 0.058540350480969575, 0.010581187248424544, 0], [0, 0.05790188303559925, 0.06369515256564279, 0.10813681643071774, 0.16696347696560027, 0.11750789388554664, 0.27210225542807115, 0.05787514790250056, 0.10699764613740108, 0.029909523124898873, 0.01891020452402164, 0], [0, 0.04335947683904399, 0.12500242041505444, 0.12579479534310195, 0.1573448500917356, 0.09953061163313594, 0.266488179657517, 0.06820459483928488, 0.049335157995991696, 0.04841726830824926, 0.01652264487688528, 0], [0, 0.07356792543787154, 0.09747528244256944, 0.07744689024949676, 0.19363730012421834, 0.09750730822692084, 0.2328780243350977, 0.05061225535387558, 0.09311161744452291, 0.06769639329595628, 0.016067003089470754, 0], [0, 0.07045674493529326, 0.07710822960754546, 0.11336569006061153, 0.11805138076965468, 0.11701046187287378, 0.2391073494188866, 0.05768053609904642, 0.09802622886463856, 0.09535756857540362, 0.01383580979604607, 0], [0, 0.06893203119812898, 0.061025670318246315, 0.10222535751421817, 0.11881611523598173, 0.0966984024904551, 0.21357601845359997, 0.05583936451914558, 0.12521280087010614, 0.14237651621057704, 0.015297723189541007, 0], [0, 0.06434544075422403, 0.03552855469837732, 0.10111743267409191, 0.0726705607873903, 0.12464687098594322, 0.2317172772609715, 0.021845470754526516, 0.19700974829353982, 0.1441357937430371, 0.006982850047898426, 0], [0, 0.0487153442202889, 0.04463914136263461, 0.09864364305055842, 0.06947695058640553, 0.1229181025820218, 0.22178331618109628, 0.013413242197922299, 0.2017050912854274, 0.17242743088153528, 0.0062777376521096365, 0], [0, 0.039225314851648325, 0.02302151169506181, 0.039342884309234154, 0.06002909163069167, 0.1001225708980613, 0.2041133724021869, 0.015352992303918385, 0.2406214563800424, 0.26864406822890474, 0.009526737300250448, 0], [0, 0.02313745772680065, 0.01758198252221745, 0.048112390836787186, 0.0803289203217779, 0.098864801891917, 0.21593695656277662, 0.011735580658475426, 0.17583258131411267, 0.32543662262999906, 0.003032705535136042, 0], [0, 0.02448626506441108, 0.004772939401376708, 0.023349454990753565, 0.06656618723136033, 0.10326280862937083, 0.24233134038713855, 0.02366366920053919, 0.16799562720355463, 0.34121330593347415, 0.0023584019580208766, 0], [0, 0, 0, 0, 0, 0, 0, 0, 0, 0, 0, 1]], [\'@\', \'a\', \'b\', \'c\', \'d\', \'e\', \'f\', \'g\', \'h\', \'i\', \'j\', \'$\'])", "([1, 0, 0, 0, 0, 0, 0, 0, 0, 0, 0, 0, 0, 0, 0, 0, 0, 0, 0], [[0, 1, 0, 0, 0, 0, 0, 0, 0, 0, 0, 0, 0, 0, 0, 0, 0, 0, 0], [0, 0.011764705882352941, 0.8, 0.011764705882352941, 0.011764705882352941, 0.011764705882352941, 0.011764705882352941, 0.011764705882352941, 0.011764705882352941, 0.011764705882352941, 0.011764705882352941, 0.011764705882352941, 0.011764705882352941, 0.011764705882352941, 0.011764705882352941, 0.011764705882352941, 0.011764705882352941, 0.011764705882352941, 0.011764705882352941], [0, 0, 0.0125, 0.8, 0.0125, 0.0125, 0.0125, 0.0125, 0.0125, 0.0125, 0.0125, 0.0125, 0.0125, 0.0125, 0.0125, 0.0125, 0.0125, 0.0125, 0.0125], [0, 0, 0, 0.013333333333333334, 0.8, 0.013333333333333334, 0.013333333333333334, 0.013333333333333334, 0.013333333333333334, 0.013333333333333334, 0.013333333333333334, 0.013333333333333334, 0.013333333333333334, 0.013333333333333334, 0.013333333333333334, 0.013333333333333334, 0.013333333333333334, 0.013333333333333334, 0.013333333333333334], [0, 0, 0, 0, 0.014285714285714287, 0.8, 0.014285714285714287, 0.014285714285714287, 0.014285714285714287, 0.014285714285714287, 0.014285714285714287, 0.014285714285714287, 0.014285714285714287, 0.014285714285714287, 0.014285714285714287, 0.014285714285714287, 0.014285714285714287, 0.014285714285714287, 0.014285714285714287], [0, 0, 0, 0, 0, 0.015384615384615385, 0.8, 0.015384615384615385, 0.015384615384615385, 0.015384615384615385, 0.015384615384615385, 0.015384615384615385, 0.015384615384615385, 0.015384615384615385, 0.015384615384615385, 0.015384615384615385, 0.015384615384615385, 0.015384615384615385, 0.015384615384615385], [0, 0, 0, 0, 0, 0, 0.016666666666666666, 0.8, 0.016666666666666666, 0.016666666666666666, 0.016666666666666666, 0.016666666666666666, 0.016666666666666666, 0.016666666666666666, 0.016666666666666666, 0.016666666666666666, 0.016666666666666666, 0.016666666666666666, 0.016666666666666666], [0, 0, 0, 0, 0, 0, 0, 0.018181818181818184, 0.8, 0.018181818181818184, 0.018181818181818184, 0.018181818181818184, 0.018181818181818184, 0.018181818181818184, 0.018181818181818184, 0.018181818181818184, 0.018181818181818184, 0.018181818181818184, 0.018181818181818184], [0, 0, 0, 0, 0, 0, 0, 0, 0.02, 0.8, 0.02, 0.02, 0.02, 0.02, 0.02, 0.02, 0.02, 0.02, 0.02], [0, 0, 0, 0, 0, 0, 0, 0, 0, 0.022222222222222223, 0.8, 0.022222222222222223, 0.022222222222222223, 0.022222222222222223, 0.022222222222222223, 0.022222222222222223, 0.022222222222222223, 0.022222222222222223, 0.022222222222222223], [0, 0, 0, 0, 0, 0, 0, 0, 0, 0, 0.025, 0.8, 0.025, 0.025, 0.025, 0.025, 0.025, 0.025, 0.025], [0, 0, 0, 0, 0, 0, 0, 0, 0, 0, 0, 0.028571428571428574, 0.8, 0.028571428571428574, 0.028571428571428574, 0.028571428571428574, 0.028571428571428574, 0.028571428571428574, 0.028571428571428574], [0, 0, 0, 0, 0, 0, 0, 0, 0, 0, 0, 0, 0.03333333333333333, 0.8, 0.03333333333333333, 0.03333333333333333, 0.03333333333333333, 0.03333333333333333, 0.03333333333333333], [0, 0, 0, 0, 0, 0, 0, 0, 0, 0, 0, 0, 0, 0.04, 0.8, 0.04, 0.04, 0.04, 0.04], [0, 0, 0, 0, 0, 0, 0, 0, 0, 0, 0, 0, 0, 0, 0.05, 0.8, 0.05, 0.05, 0.05], [0, 0, 0, 0, 0, 0, 0, 0, 0, 0, 0, 0, 0, 0, 0, 0.06666666666666667, 0.8, 0.06666666666666667, 0.06666666666666667], [0, 0, 0, 0, 0, 0, 0, 0, 0, 0, 0, 0, 0, 0, 0, 0, 0.1, 0.8, 0.1], [0, 0, 0, 0, 0, 0, 0, 0, 0, 0, 0, 0, 0, 0, 0, 0, 0, 0.2, 0.8], [1, 0, 0, 0, 0, 0, 0, 0, 0, 0, 0, 0, 0, 0, 0, 0, 0, 0, 0]], [[1, 0, 0, 0, 0, 0, 0, 0, 0, 0, 0, 0], [0, 0.011797820315849953, 0.020545251745691905, 0.04954757516300077, 0.1694261160581305, 0.03067487664797927, 0.2682972664023812, 0.033143064332316154, 0.04468335288124983, 0.36674371552440693, 0.005140960928993513, 0], [0, 0.03959634706572201, 0.09879598436037898, 0.06894900268813643, 0.2555407394721837, 0.01561082248585176, 0.1833417123987147, 0.03917159304149404, 0.05824493455888827, 0.2311088076049634, 0.00964005632366685, 0], [0, 0.035388146533307484, 0.11561631280856136, 0.11944140594311263, 0.2895000997909489, 0.04423498569746512, 0.07950128056583362, 0.042244932073244965, 0.1450452620407922, 0.11338543429497584, 0.015642140251757874, 0], [0, 0.013182630758356968, 0.09890975393839171, 0.13449324793690476, 0.20731664112463014, 0.07053463374064634, 0.037530982430300355, 0.037634605858734654, 0.2799680746061936, 0.1187501760166302, 0.0016792535892112565, 0], [0, 0.024912656911692335, 0.048874940877755145, 0.10540026691231542, 0.1297898229941459, 0.006424073790157361, 0.027776292460786837, 0.036329491839331235, 0.5434222183966363, 0.07140221451611636, 0.005668021301063114, 0], [0, 0.014263496830555765, 0.02021309346262446, 0.08125038219018187, 0.14410020264878481, 0.01216606369171601, 0.03422042620185249, 0.026430005446028974, 0.6234492007064716, 0.03906755363332073, 0.0048395751884633695, 0], [0, 0.011440452415278003, 0.016966579593783938, 0.10993195291974125, 0.03742460116925551, 0.0041760994087011085, 0.029800204152497078, 0.014428685210178413, 0.739589407823997, 0.03034854850307294, 0.005893468803494791, 0], [0, 0.01105092575085735, 0.020633048571957656, 0.019504780447626248, 0.052997412974815444, 0.009614751871889243, 0.004568437586255829, 0.020786336674393016, 0.8138078075410377, 0.030840910417809966, 0.016195588163357658, 0], [0, 0.018331162371246133, 0.01477143828015099, 0.010611146540516137, 0.02255337022701754, 0.00013717360916982362, 0.007268049364817115, 0.030368578157807045, 0.8456582866268084, 0.03252874447715337, 0.01777205034531339, 0], [0, 0.008691655669599077, 0.016933652182065762, 0.012329404129104502, 0.012849133471661887, 0.00919936771441541, 0.012114374860073086, 0.00629525314063654, 0.8840487250808886, 0.031708728609184285, 0.005829705142370816, 0], [0, 0.00810956459748041, 0.014307579772294098, 0.01480001313181791, 0.002604123709653875, 0.008296442155014197, 0.01808744605800933, 0.004646018249506189, 0.9103943828919685, 0.008143905940312375, 0.010610523493943043, 0], [0, 0.0038818933379843475, 0.009012907151368061, 0.011550010567277648, 0.008390705048089406, 0.012663284163168123, 0.00696565013821007, 0.007451075625683619, 0.9209343767463041, 0.009182297731463835, 0.009967799490450742, 0], [0, 0.005181043503153353, 0.012936857128073668, 0.0008289206370744423, 0.013463885419721778, 0.01508349074243111, 0.005817914824562461, 0.015975354897992584, 0.9120808236557592, 0.0036620279107948137, 0.014969681280436695, 0], [0, 0.01156836980614474, 0.011366875223290638, 0.009921069217616174, 0.02989719377140989, 0.006649767326249467, 0.0011886127368362553, 0.004995183664150402, 0.9048644333506931, 0.015166355899120838, 0.004382139004488559, 0], [0, 0.008012441618720027, 0.0034456346198768533, 0.010480173684105459, 0.02126603522681151, 0.007110556345875661, 0.0008497407262865258, 0.008151083920836322, 0.913783945328687, 0.012948778019894653, 0.01395161050890587, 0], [0, 0.0045833166322208916, 0.004523721741811169, 0.01646705946511861, 0.04540653579715797, 0.017530334914570272, 0.0035622714160279323, 0.0013586484028579018, 0.8886567862586653, 0.009277334975082254, 0.008633990396487755, 0], [0, 0.00886642024076937, 0.01382619600938697, 0.009950879262133342, 0.14421789866827647, 0.022091754164925707, 0.0066085323515520916, 0.012190746866347265, 0.7680502016329563, 0.007458980662552356, 0.006738390141100128, 0], [0, 0, 0, 0, 0, 0, 0, 0, 0, 0, 0, 1]], [\'@\', \'a\', \'b\', \'c\', \'d\', \'e\', \'f\', \'g\', \'h\', \'i\', \'j\', \'$\'])", "([1, 0, 0, 0, 0, 0, 0, 0, 0, 0, 0, 0, 0, 0, 0, 0, 0, 0, 0], [[0, 1, 0, 0, 0, 0, 0, 0, 0, 0, 0, 0, 0, 0, 0, 0, 0, 0, 0], [0, 0.011764705882352941, 0.8, 0.011764705882352941, 0.011764705882352941, 0.011764705882352941, 0.011764705882352941, 0.011764705882352941, 0.011764705882352941, 0.011764705882352941, 0.011764705882352941, 0.011764705882352941, 0.011764705882352941, 0.011764705882352941, 0.011764705882352941, 0.011764705882352941, 0.011764705882352941, 0.011764705882352941, 0.011764705882352941], [0, 0, 0.0125, 0.8, 0.0125, 0.0125, 0.0125, 0.0125, 0.0125, 0.0125, 0.0125, 0.0125, 0.0125, 0.0125, 0.0125, 0.0125, 0.0125, 0.0125, 0.0125], [0, 0, 0, 0.013333333333333334, 0.8, 0.013333333333333334, 0.013333333333333334, 0.013333333333333334, 0.013333333333333334, 0.013333333333333334, 0.013333333333333334, 0.013333333333333334, 0.013333333333333334, 0.013333333333333334, 0.013333333333333334, 0.013333333333333334, 0.013333333333333334, 0.013333333333333334, 0.013333333333333334], [0, 0, 0, 0, 0.014285714285714287, 0.8, 0.014285714285714287, 0.014285714285714287, 0.014285714285714287, 0.014285714285714287, 0.014285714285714287, 0.014285714285714287, 0.014285714285714287, 0.014285714285714287, 0.014285714285714287, 0.014285714285714287, 0.014285714285714287, 0.014285714285714287, 0.014285714285714287], [0, 0, 0, 0, 0, 0.015384615384615385, 0.8, 0.015384615384615385, 0.015384615384615385, 0.015384615384615385, 0.015384615384615385, 0.015384615384615385, 0.015384615384615385, 0.015384615384615385, 0.015384615384615385, 0.015384615384615385, 0.015384615384615385, 0.015384615384615385, 0.015384615384615385], [0, 0, 0, 0, 0, 0, 0.016666666666666666, 0.8, 0.016666666666666666, 0.016666666666666666, 0.016666666666666666, 0.016666666666666666, 0.016666666666666666, 0.016666666666666666, 0.016666666666666666, 0.016666666666666666, 0.016666666666666666, 0.016666666666666666, 0.016666666666666666], [0, 0, 0, 0, 0, 0, 0, 0.018181818181818184, 0.8, 0.018181818181818184, 0.018181818181818184, 0.018181818181818184, 0.018181818181818184, 0.018181818181818184, 0.018181818181818184, 0.018181818181818184, 0.018181818181818184, 0.018181818181818184, 0.018181818181818184], [0, 0, 0, 0, 0, 0, 0, 0, 0.02, 0.8, 0.02, 0.02, 0.02, 0.02, 0.02, 0.02, 0.02, 0.02, 0.02], [0, 0, 0, 0, 0, 0, 0, 0, 0, 0.022222222222222223, 0.8, 0.022222222222222223, 0.022222222222222223, 0.022222222222222223, 0.022222222222222223, 0.022222222222222223, 0.022222222222222223, 0.022222222222222223, 0.022222222222222223], [0, 0, 0, 0, 0, 0, 0, 0, 0, 0, 0.