((11, 4.6), '([u\'MMMMMMMMMMM\', u\'SSSSSSSSSSS\', u\'EEEEEEEEEEE\', u\'IIIIIIIIIII\', u\'DDDDDDDDDDD\', u\'KKKKKKKKKKK\', u\'LLLLLLLLLLL\', u\'CCCCCCCCCCC\', u\'TTTTTTTTTTT\', u\'PPPPPPPPPPP\', u\'UUUUUUUUUUU\', u\'XXXXXXXXXXX\', u\'WWWWWWWWWWW\', u\'HHHHHHHHHHH\', u\'BBBBBBBBBBB\', u\'FFFFFFFFFFF\', u\'ZZZZZZZZZZZ\', u\'QQQQQQQQQQQ\', u\'NNNNNNNNNNN\', u\'VVVVVVVVVVV\', u\'GGGGGGGGGGG\', u\'AAAAAAAAAAA\', u\'YYYYYYYYYYY\', u\'OOOOOOOOOOO\', u\'RRRRRRRRRRR\', u\'JJJJJJJJJJJ\'], ["([1, 0, 0, 0, 0, 0, 0, 0, 0, 0, 0, 0, 0], [[0, 1, 0, 0, 0, 0, 0, 0, 0, 0, 0, 0, 0], [0, 0.018181818181818184, 0.8, 0.018181818181818184, 0.018181818181818184, 0.018181818181818184, 0.018181818181818184, 0.018181818181818184, 0.018181818181818184, 0.018181818181818184, 0.018181818181818184, 0.018181818181818184, 0.018181818181818184], [0, 0, 0.02, 0.8, 0.02, 0.02, 0.02, 0.02, 0.02, 0.02, 0.02, 0.02, 0.02], [0, 0, 0, 0.022222222222222223, 0.8, 0.022222222222222223, 0.022222222222222223, 0.022222222222222223, 0.022222222222222223, 0.022222222222222223, 0.022222222222222223, 0.022222222222222223, 0.022222222222222223], [0, 0, 0, 0, 0.025, 0.8, 0.025, 0.025, 0.025, 0.025, 0.025, 0.025, 0.025], [0, 0, 0, 0, 0, 0.028571428571428574, 0.8, 0.028571428571428574, 0.028571428571428574, 0.028571428571428574, 0.028571428571428574, 0.028571428571428574, 0.028571428571428574], [0, 0, 0, 0, 0, 0, 0.03333333333333333, 0.8, 0.03333333333333333, 0.03333333333333333, 0.03333333333333333, 0.03333333333333333, 0.03333333333333333], [0, 0, 0, 0, 0, 0, 0, 0.04, 0.8, 0.04, 0.04, 0.04, 0.04], [0, 0, 0, 0, 0, 0, 0, 0, 0.05, 0.8, 0.05, 0.05, 0.05], [0, 0, 0, 0, 0, 0, 0, 0, 0, 0.06666666666666667, 0.8, 0.06666666666666667, 0.06666666666666667], [0, 0, 0, 0, 0, 0, 0, 0, 0, 0, 0.1, 0.8, 0.1], [0, 0, 0, 0, 0, 0, 0, 0, 0, 0, 0, 0.2, 0.8], [1, 0, 0, 0, 0, 0, 0, 0, 0, 0, 0, 0, 0]], [[1, 0, 0, 0, 0, 0, 0, 0, 0, 0, 0, 0], [0, 0.006611063774756646, 0.020205693148982528, 0.0038639956198876753, 0.05003692602868258, 0.01566387315648444, 0.6717005222201432, 0.012127172534157838, 0.017724138004588566, 0.18429516265633217, 0.017771452855984336, 0], [0, 0.009462451448914163, 0.014806563890280242, 0.008722515978800183, 0.08842619566333482, 0.009232149714235135, 0.4449305819293539, 0.015081578671335798, 0.0198931776740857, 0.37689771343544126, 0.012547071594218695, 0], [0, 0.0006902754979329703, 0.01035007038340759, 0.006115992589770095, 0.006076881658409465, 0.006439987819831108, 0.3498844428530989, 0.017446221194061952, 0.029681777787032203, 0.5554485491902433, 0.01786580102621227, 0], [0, 0.00990075846694031, 0.015626414460779288, 0.009687777026688028, 0.011106608740663628, 0.005647466093456426, 0.20212277616224386, 0.0041669312264807235, 0.009491689318142104, 0.7147520441988782, 0.01749753430572743, 0], [0, 0.01559754280128463, 0.005356129727712347, 0.010981094592623168, 0.023493032112264077, 0.01779169650411491, 0.22882204330573216, 0.0009621352917704154, 0.0064636354644459475, 0.6835816329854413, 0.0069510572146110955, 0], [0, 0.006725174321586242, 0.015118516024120796, 0.013655953463118107, 0.03230160648957177, 0.00580328749871459, 0.2045553817328364, 0.011428756355133405, 0.01316426423416212, 0.6875141168902974, 0.00973294299045926, 0], [0, 0.008983681490059398, 0.003998698842419389, 0.010162001281882908, 0.007278046798936206, 0.014290536454415683, 0.2523012828772733, 0.01683769852444968, 0.01251987103057913, 0.6616718823361741, 0.011956300363810086, 0], [0, 0.012129700093473965, 0.006765161710970371, 0.014499273658214637, 0.028366426400833193, 0.001617920271200242, 0.13556581304326265, 0.008631564953149568, 0.023028914898021544, 0.7558357241831469, 0.013559500787726943, 0], [0, 0.006898132283489784, 0.014136945855680939, 0.005768315840731735, 0.02147212885965288, 0.006552600480547016, 0.11806706196053411, 0.013683155105372338, 0.01651655551129327, 0.7832000174636303, 0.013705086639067578, 0], [0, 0.007570577339282842, 0.0004006495976183006, 0.024233066993258313, 0.03469363714216951, 0.0002759677337184338, 0.4736700277663521, 0.01116239219657668, 0.021893713733928687, 0.4005669318988785, 0.02553303559821672, 0], [0, 0.010648476191333583, 0.008454815560133373, 0.023227177857993678, 0.05635572217243528, 0.006856863333336181, 0.843793193217794, 0.0107066142793033, 0.011705629689892926, 0.011475726645327169, 0.01677578105245065, 0], [0, 0, 0, 0, 0, 0, 0, 0, 0, 0, 0, 1]], [\'@\', \'a\', \'b\', \'c\', \'d\', \'e\', \'f\', \'g\', \'h\', \'i\', \'j\', \'$\'])", "([1, 0, 0, 0, 0, 0, 0, 0, 0, 0, 0, 0, 0], [[0, 1, 0, 0, 0, 0, 0, 0, 0, 0, 0, 0, 0], [0, 0.018181818181818184, 0.8, 0.018181818181818184, 0.018181818181818184, 0.018181818181818184, 0.018181818181818184, 0.018181818181818184, 0.018181818181818184, 0.018181818181818184, 0.018181818181818184, 0.018181818181818184, 0.018181818181818184], [0, 0, 0.02, 0.8, 0.02, 0.02, 0.02, 0.02, 0.02, 0.02, 0.02, 0.02, 0.02], [0, 0, 0, 0.022222222222222223, 0.8, 0.022222222222222223, 0.022222222222222223, 0.022222222222222223, 0.022222222222222223, 0.022222222222222223, 0.022222222222222223, 0.022222222222222223, 0.022222222222222223], [0, 0, 0, 0, 0.025, 0.8, 0.025, 0.025, 0.025, 0.025, 0.025, 0.025, 0.025], [0, 0, 0, 0, 0, 0.028571428571428574, 0.8, 0.028571428571428574, 0.028571428571428574, 0.028571428571428574, 0.028571428571428574, 0.028571428571428574, 0.028571428571428574], [0, 0, 0, 0, 0, 0, 0.03333333333333333, 0.8, 0.03333333333333333, 0.03333333333333333, 0.03333333333333333, 0.03333333333333333, 0.03333333333333333], [0, 0, 0, 0, 0, 0, 0, 0.04, 0.8, 0.04, 0.04, 0.04, 0.04], [0, 0, 0, 0, 0, 0, 0, 0, 0.05, 0.8, 0.05, 0.05, 0.05], [0, 0, 0, 0, 0, 0, 0, 0, 0, 0.06666666666666667, 0.8, 0.06666666666666667, 0.06666666666666667], [0, 0, 0, 0, 0, 0, 0, 0, 0, 0, 0.1, 0.8, 0.1], [0, 0, 0, 0, 0, 0, 0, 0, 0, 0, 0, 0.2, 0.8], [1, 0, 0, 0, 0, 0, 0, 0, 0, 0, 0, 0, 0]], [[1, 0, 0, 0, 0, 0, 0, 0, 0, 0, 0, 0], [0, 0.007905910068471316, 0.012855765075690324, 0.018636963823590272, 0.049252433712027976, 0.0011450395124819848, 0.07376038384458329, 0.0044975158449312765, 0.010134245216081266, 0.8045734668316927, 0.017238276070449525, 0], [0, 0.0024309529882975897, 0.015534720475506969, 0.013411348370326865, 0.03784914313803355, 0.011299949711983783, 0.013321409966206253, 0.06902155616650317, 0.06695200074484846, 0.7658868853562641, 0.00429203308202924, 0], [0, 0.0027278583269144804, 0.012204102780697302, 0.016045296777402563, 0.10490352142733805, 0.00928256882674609, 0.008233856726655026, 0.1467493565289911, 0.11099086325214451, 0.5812402421295982, 0.007622333223512536, 0], [0, 0.00468237851269834, 0.010028363511099632, 0.007042739593515749, 0.10843542790740968, 0.009499887135082664, 0.003564395032277842, 0.3267399156644935, 0.0666766762769396, 0.4551695824566009, 0.00816063390988214, 0], [0, 0.009081427208294886, 0.004204474252080419, 0.012000833967924543, 0.23367846883776733, 0.005232896495381711, 0.0004236255017591249, 0.4174417000436519, 0.1152720486985205, 0.18886243778206654, 0.013802087212553098, 0], [0, 0.004089625221552882, 0.006449865055175727, 0.0011722195695292, 0.08672547821706575, 0.01881826745985981, 0.00804644748110858, 0.6996424866307976, 0.07105972847527439, 0.09808331090006783, 0.005912570989568131, 0], [0, 0.012848494489458028, 0.006269900315154686, 0.01768505390952705, 0.07597426378689298, 0.002134263860771224, 0.01679558047126017, 0.7373644481200199, 0.10080642010658664, 0.012154672862500764, 0.017966902077828553, 0], [0, 0.002854773112953282, 0.01685238862420987, 0.013065558608629088, 0.04181193648432396, 0.01142755485550713, 0.0004779515930467569, 0.7650597014145274, 0.12944922199652448, 0.017440543263360083, 0.0015603700469180573, 0], [0, 0.007128052089913953, 0.00827090020641103, 0.0023768623304804073, 0.05588606752210772, 0.017287928495275016, 0.010347150101118434, 0.6633014870419655, 0.20893148037658482, 0.020946612859852706, 0.005523458976290353, 0], [0, 0.003476278610321627, 0.016262391670239254, 0.022155660841795686, 0.09746643418984828, 0.0025339243086891085, 0.0030274789526644175, 0.4154202542057378, 0.3310846399990822, 0.0987063663777451, 0.009866570843876503, 0], [0, 0.014552586199217805, 0.006827610742875441, 0.0021574890515959036, 0.20233455525174487, 0.018602207669273816, 0.4554225211973181, 0.004812986732353523, 0.08285541148087908, 0.2017611313920018, 0.010673500282739706, 0], [0, 0, 0, 0, 0, 0, 0, 0, 0, 0, 0, 1]], [\'@\', \'a\', \'b\', \'c\', \'d\', \'e\', \'f\', \'g\', \'h\', \'i\', \'j\', \'$\'])", "([1, 0, 0, 0, 0, 0, 0, 0, 0, 0, 0, 0, 0], [[0, 1, 0, 0, 0, 0, 0, 0, 0, 0, 0, 0, 0], [0, 0.018181818181818184, 0.8, 0.018181818181818184, 0.018181818181818184, 0.018181818181818184, 0.018181818181818184, 0.018181818181818184, 0.018181818181818184, 0.018181818181818184, 0.018181818181818184, 0.018181818181818184, 0.018181818181818184], [0, 0, 0.02, 0.8, 0.02, 0.02, 0.02, 0.02, 0.02, 0.02, 0.02, 0.02, 0.02], [0, 0, 0, 0.022222222222222223, 0.8, 0.022222222222222223, 0.022222222222222223, 0.022222222222222223, 0.022222222222222223, 0.022222222222222223, 0.022222222222222223, 0.022222222222222223, 0.022222222222222223], [0, 0, 0, 0, 0.025, 0.8, 0.025, 0.025, 0.025, 0.025, 0.025, 0.025, 0.025], [0, 0, 0, 0, 0, 0.028571428571428574, 0.8, 0.028571428571428574, 0.028571428571428574, 0.028571428571428574, 0.028571428571428574, 0.028571428571428574, 0.028571428571428574], [0, 0, 0, 0, 0, 0, 0.03333333333333333, 0.8, 0.03333333333333333, 0.03333333333333333, 0.03333333333333333, 0.03333333333333333, 0.03333333333333333], [0, 0, 0, 0, 0, 0, 0, 0.04, 0.8, 0.04, 0.04, 0.04, 0.04], [0, 0, 0, 0, 0, 0, 0, 0, 0.05, 0.8, 0.05, 0.05, 0.05], [0, 0, 0, 0, 0, 0, 0, 0, 0, 0.06666666666666667, 0.8, 0.06666666666666667, 0.06666666666666667], [0, 0, 0, 0, 0, 0, 0, 0, 0, 0, 0.1, 0.8, 0.1], [0, 0, 0, 0, 0, 0, 0, 0, 0, 0, 0, 0.2, 0.8], [1, 0, 0, 0, 0, 0, 0, 0, 0, 0, 0, 0, 0]], [[1, 0, 0, 0, 0, 0, 0, 0, 0, 0, 0, 0], [0, 0.017854335740084153, 0.038847142854448576, 0.05055731886596525, 0.20139993106335938, 0.05143269714605005, 0.41889756540208, 0.034170729846371144, 0.09553506696125307, 0.07852250014972341, 0.012782711970664891, 0], [0, 0.015739484347873475, 0.013542240849493578, 0.27659615867414294, 0.2314729751149398, 0.014446689477276555, 0.04470147813814791, 0.3352144589733273, 0.04756419763005554, 0.005579051777486446, 0.015143265017256451, 0], [0, 0.0013972961720700985, 0.008150038041327575, 0.06918263574998368, 0.06902951175926983, 0.00045384579588798196, 0.0022709811834927917, 0.7271520094015014, 0.09800752776327995, 0.008211715415775834, 0.01614443871741086, 0], [0, 0.00609943691227803, 0.015845240965689282, 0.018501169744557244, 0.011610821954029679, 0.006052723321551462, 0.013539966985525165, 0.9047368709591438, 0.005722847705727338, 0.009055800314988175, 0.008835121136509942, 0], [0, 0.0158295168673997, 0.00023204598547992561, 0.01496068876331565, 0.01299607809002703, 0.013743263820837091, 0.0031052608863940856, 0.8957198059737382, 0.02414773256734382, 0.003349922536053095, 0.015915684509411474, 0], [0, 0.00438161061876028, 0.005886497995475366, 0.013019645270434244, 0.0016279572529918622, 0.001346552773427799, 0.012925937283798754, 0.9149942126608467, 0.026221468872720154, 0.0010761546081108232, 0.01851996266343399, 0], [0, 0.004008095908091956, 0.015068295328838226, 0.005107935115190434, 0.0007427010745671078, 0.014828598718673678, 0.01096981451618926, 0.8264054629375807, 0.1052909766307292, 0.0015520672335331892, 0.016026052536606328, 0], [0, 0.013254007663933231, 0.010536925530410558, 0.012453833486624412, 0.006303848337009335, 0.011510232356455808, 0.006038420651754496, 0.5855559184524732, 0.31211411644111253, 0.02790768241216311, 0.014325014668063274, 0], [0, 0.013698943628892521, 0.012033506989283963, 0.006202554207427761, 0.0077530982514650735, 0.0067647493976664905, 0.012009335682161918, 0.3694159870210878, 0.45790388583174946, 0.10434237048848327, 0.009875568501781732, 0], [0, 0.004995249216370549, 0.003883230281067313, 0.006037139676937941, 0.0052705619697612765, 0.02208281423926143, 0.00038901771922486816, 0.2234417734017787, 0.43748338669939973, 0.28748432496347953, 0.008932501832718752, 0], [0, 0.013753403550481146, 0.006709294266708244, 0.010038245714656998, 0.009248340104581542, 0.014157187793649302, 0.0042225871687900565, 0.039035571724385265, 0.2689173318502346, 0.6234278508347142, 0.010490186991798765, 0], [0, 0, 0, 0, 0, 0, 0, 0, 0, 0, 0, 1]], [\'@\', \'a\', \'b\', \'c\', \'d\', \'e\', \'f\', \'g\', \'h\', \'i\', \'j\', \'$\'])", "([1, 0, 0, 0, 0, 0, 0, 0, 0, 0, 0, 0, 0], [[0, 1, 0, 0, 0, 0, 0, 0, 0, 0, 0, 0, 0], [0, 0.018181818181818184, 0.8, 0.018181818181818184, 0.018181818181818184, 0.018181818181818184, 0.018181818181818184, 0.018181818181818184, 0.018181818181818184, 0.018181818181818184, 0.018181818181818184, 0.018181818181818184, 0.018181818181818184], [0, 0, 0.02, 0.8, 0.02, 0.02, 0.02, 0.02, 0.02, 0.02, 0.02, 0.02, 0.02], [0, 0, 0, 0.022222222222222223, 0.8, 0.022222222222222223, 0.022222222222222223, 0.022222222222222223, 0.022222222222222223, 0.022222222222222223, 0.022222222222222223, 0.022222222222222223, 0.022222222222222223], [0, 0, 0, 0, 0.025, 0.8, 0.025, 0.025, 0.025, 0.025, 0.025, 0.025, 0.025], [0, 0, 0, 0, 0, 0.028571428571428574, 0.8, 0.028571428571428574, 0.028571428571428574, 0.028571428571428574, 0.028571428571428574, 0.028571428571428574, 0.028571428571428574], [0, 0, 0, 0, 0, 0, 0.03333333333333333, 0.8, 0.03333333333333333, 0.03333333333333333, 0.03333333333333333, 0.03333333333333333, 0.03333333333333333], [0, 0, 0, 0, 0, 0, 0, 0.04, 0.8, 0.04, 0.04, 0.04, 0.04], [0, 0, 0, 0, 0, 0, 0, 0, 0.05, 0.8, 0.05, 0.05, 0.05], [0, 0, 0, 0, 0, 0, 0, 0, 0, 0.06666666666666667, 0.8, 0.06666666666666667, 0.06666666666666667], [0, 0, 0, 0, 0, 0, 0, 0, 0, 0, 0.1, 0.8, 0.1], [0, 0, 0, 0, 0, 0, 0, 0, 0, 0, 0, 0.2, 0.8], [1, 0, 0, 0, 0, 0, 0, 0, 0, 0, 0, 0, 0]], [[1, 0, 0, 0, 0, 0, 0, 0, 0, 0, 0, 0], [0, 0.011514129183321332, 0.030801861635703105, 0.004896765093013113, 0.07662446755273271, 0.03746872740095561, 0.3758122941290273, 0.007582294078544461, 0.09691640151726134, 0.3391534578057713, 0.01922960160366974, 0], [0, 0.020829273480596232, 0.030602524728155594, 0.01819454957674694, 0.09040692215999907, 0.05649926703496803, 0.38788595656691155, 0.000643271372696643, 0.1186127844518941, 0.26354533244807815, 0.01278011817995369, 0], [0, 0.027768421162331886, 0.05221958079138612, 0.05109168013484516, 0.0931969831205551, 0.058535946920455786, 0.3573036387026519, 0.019800630718413488, 0.16492812343587224, 0.1743239409730928, 0.0008310540403954252, 0], [0, 0.0370204620014599, 0.07453799166719251, 0.06792517023750405, 0.16093441254480445, 0.11293280155472846, 0.29010059290662704, 0.041627391571948814, 0.12400116895864635, 0.08728328047132083, 0.0036367280857676045, 0], [0, 0.024165176269483196, 0.06869989048200424, 0.14320732955096183, 0.25826458819408205, 0.10533623799080849, 0.21904378549761686, 0.0413818774118187, 0.05859008247373415, 0.06511534761301883, 0.016195684516471652, 0], [0, 0.028913560286198514, 0.06518103742515513, 0.1142102564399316, 0.1755849789106731, 0.09536877659248398, 0.275237098615891, 0.0837040394539174, 0.07592947643654374, 0.07814366988638298, 0.007727105952822532, 0], [0, 0.05809639823161626, 0.04664801512069343, 0.08777755232895826, 0.10672378164026142, 0.11189020046905523, 0.19913424732848048, 0.08873896721613793, 0.13939256458836846, 0.14465684953693217, 0.01694142353949636, 0], [0, 0.039726797519701894, 0.03923634594760125, 0.08581837271210765, 0.05497265250986282, 0.12061874231366018, 0.2024079623012781, 0.03231804501618528, 0.23298974335634937, 0.17480941261485117, 0.017101925708402264, 0], [0, 0.023230203781424513, 0.011219082404541666, 0.054512346715349484, 0.03964473484442657, 0.05552972408937764, 0.27028817803496025, 0.025098675569560504, 0.254595517624568, 0.26520339512435365, 0.0006781418114378663, 0], [0, 0.03331836513043369, 0.01418868700163975, 0.009381964193239205, 0.03792691235299469, 0.057839706463841914, 0.27692403934793636, 0.041485143281219765, 0.19474185043955108, 0.33357036914271593, 0.0006229626464277162, 0], [0, 0.02014454482368836, 0.018047491226904067, 0.01565192990749301, 0.035431651207629984, 0.05507394612092604, 0.24853962335443822, 0.022778229332930635, 0.1601873631828059, 0.4130962590968383, 0.011048961746345459, 0], [0, 0, 0, 0, 0, 0, 0, 0, 0, 0, 0, 1]], [\'@\', \'a\', \'b\', \'c\', \'d\', \'e\', \'f\', \'g\', \'h\', \'i\', \'j\', \'$\'])", "([1, 0, 0, 0, 0, 0, 0, 0, 0, 0, 0, 0, 0], [[0, 1, 0, 0, 0, 0, 0, 0, 0, 0, 0, 0, 0], [0, 0.018181818181818184, 0.8, 0.018181818181818184, 0.018181818181818184, 0.018181818181818184, 0.018181818181818184, 0.018181818181818184, 0.018181818181818184, 0.018181818181818184, 0.018181818181818184, 0.018181818181818184, 0.018181818181818184], [0, 0, 0.02, 0.8, 0.02, 0.02, 0.02, 0.02, 0.02, 0.02, 0.02, 0.02, 0.02], [0, 0, 0, 0.022222222222222223, 0.8, 0.022222222222222223, 0.022222222222222223, 0.022222222222222223, 0.022222222222222223, 0.022222222222222223, 0.022222222222222223, 0.022222222222222223, 0.022222222222222223], [0, 0, 0, 0, 0.025, 0.8, 0.025, 0.025, 0.025, 0.025, 0.025, 0.025, 0.025], [0, 0, 0, 0, 0, 0.028571428571428574, 0.8, 0.028571428571428574, 0.028571428571428574, 0.028571428571428574, 0.028571428571428574, 0.028571428571428574, 0.028571428571428574], [0, 0, 0, 0, 0, 0, 0.03333333333333333, 0.8, 0.03333333333333333, 0.03333333333333333, 0.03333333333333333, 0.03333333333333333, 0.03333333333333333], [0, 0, 0, 0, 0, 0, 0, 0.04, 0.8, 0.04, 0.04, 0.04, 0.04], [0, 0, 0, 0, 0, 0, 0, 0, 0.05, 0.8, 0.05, 0.05, 0.05], [0, 0, 0, 0, 0, 0, 0, 0, 0, 0.06666666666666667, 0.8, 0.06666666666666667, 0.06666666666666667], [0, 0, 0, 0, 0, 0, 0, 0, 0, 0, 0.1, 0.8, 0.1], [0, 0, 0, 0, 0, 0, 0, 0, 0, 0, 0, 0.2, 0.8], [1, 0, 0, 0, 0, 0, 0, 0, 0, 0, 0, 0, 0]], [[1, 0, 0, 0, 0, 0, 0, 0, 0, 0, 0, 0], [0, 0.02259099927086717, 0.04294277580731971, 0.080969274645653, 0.18401719131185312, 0.017987009177183266, 0.21831393640065944, 0.03987938922247269, 0.09530273729243657, 0.2893322574941699, 0.008664429377385059, 0], [0, 0.00435416329280056, 0.06479457954090864, 0.10812640887172036, 0.3489067118845325, 0.018307477989510396, 0.09273991418207508, 0.08077248484422037, 0.1739146468454633, 0.08039510328436386, 0.027688509264405057, 0], [0, 0.0006303772030844776, 0.009623844244342481, 0.09429730329777242, 0.18994343575248426, 0.009038875795240821, 0.04227038009272976, 0.10350050104147768, 0.4828734532165369, 0.06472611240990492, 0.0030957169464262526, 0], [0, 0.01520038825529465, 0.020088123625074304, 0.07102868542182775, 0.05874157657252498, 0.0016733503556144564, 0.05082011851169772, 0.042483996712611626, 0.6933616926539367, 0.022622767134974076, 0.0239793007564437, 0], [0, 0.016584603656183815, 0.02116944757826337, 0.019291715381194254, 0.029332693381284036, 0.003831868084063297, 0.011585665672393308, 0.005725183795753529, 0.8335356498081214, 0.05635606486229958, 0.0025871077804432243, 0], [0, 0.004896196331103186, 0.009744465451196572, 0.01821628483324248, 0.010651791220021382, 0.0041605095003648075, 0.01635429117184077, 0.005361350096924884, 0.8949896296969144, 0.02384440828845262, 0.011781073409938773, 0], [0, 0.002358641646776689, 0.018747202263457444, 0.0024518745551662976, 0.0007481189562390274, 0.016284968635896933, 0.01371704538229322, 0.015693602451586484, 0.901220216231585, 0.026123171213015932, 0.0026551586639830503, 0], [0, 0.013658949103194259, 0.004591377942813387, 0.0016234388081728594, 0.00787119854308339, 0.01708037608680401, 0.007033115438702059, 0.011966893868238744, 0.9098246938733949, 0.02481277668397632, 0.0015371796516201143, 0], [0, 0.011072610312021853, 0.0016861920329830072, 0.008063083527235556, 0.012005769700691074, 0.007743322134992853, 0.01573326830841924, 0.005764467713511538, 0.9128511191951947, 0.01260709347621501, 0.012473073598735234, 0], [0, 0.015892324043309872, 0.018563082329478217, 0.0017314247217420063, 0.04836629879069804, 0.0018647036355999313, 0.0006272553246594936, 0.008238951068500346, 0.8848971912231722, 0.0021791673553555797, 0.017639601507484365, 0], [0, 0.0017929208999178737, 0.009595435636144456, 0.012563584437886546, 0.01732998409671255, 0.0007766121237442684, 0.8967291048910362, 0.020238121877245014, 0.010483115178532256, 0.01945988614016403, 0.011031234718616863, 0], [0, 0, 0, 0, 0, 0, 0, 0, 0, 0, 0, 1]], [\'@\', \'a\', \'b\', \'c\', \'d\', \'e\', \'f\', \'g\', \'h\', \'i\', \'j\', \'$\'])", "([1, 0, 0, 0, 0, 0, 0, 0, 0, 0, 0, 0, 0], [[0, 1, 0, 0, 0, 0, 0, 0, 0, 0, 0, 0, 0], [0, 0.018181818181818184, 0.8, 0.018181818181818184, 0.018181818181818184, 0.018181818181818184, 0.018181818181818184, 0.018181818181818184, 0.018181818181818184, 0.018181818181818184, 0.018181818181818184, 0.018181818181818184, 0.018181818181818184], [0, 0, 0.02, 0.8, 0.02, 0.02, 0.02, 0.02, 0.02, 0.02, 0.02, 0.02, 0.02], [0, 0, 0, 0.022222222222222223, 0.8, 0.022222222222222223, 0.022222222222222223, 0.022222222222222223, 0.022222222222222223, 0.022222222222222223, 0.022222222222222223, 0.022222222222222223, 0.022222222222222223], [0, 0, 0, 0, 0.025, 0.8, 0.025, 0.025, 0.025, 0.025, 0.025, 0.025, 0.025], [0, 0, 0, 0, 0, 0.028571428571428574, 0.8, 0.028571428571428574, 0.028571428571428574, 0.028571428571428574, 0.028571428571428574, 0.028571428571428574, 0.028571428571428574], [0, 0, 0, 0, 0, 0, 0.03333333333333333, 0.8, 0.03333333333333333, 0.03333333333333333, 0.03333333333333333, 0.03333333333333333, 0.03333333333333333], [0, 0, 0, 0, 0, 0, 0, 0.04, 0.8, 0.04, 0.04, 0.04, 0.04], [0, 0, 0, 0, 0, 0, 0, 0, 0.05, 0.8, 0.05, 0.05, 0.05], [0, 0, 0, 0, 0, 0, 0, 0, 0, 0.06666666666666667, 0.8, 0.06666666666666667, 0.06666666666666667], [0, 0, 0, 0, 0, 0, 0, 0, 0, 0, 0.1, 0.8, 0.1], [0, 0, 0, 0, 0, 0, 0, 0, 0, 0, 0, 0.2, 0.8], [1, 0, 0, 0, 0, 0, 0, 0, 0, 0, 0, 0, 0]], [[1, 0, 0, 0, 0, 0, 0, 0, 0, 0, 0, 0], [0, 0.0004054100655990537, 0.008468644552205445, 0.04462781219386221, 0.22167085103319667, 0.033111790802807496, 0.43641630960081457, 0.039534752495935986, 0.07474921733733232, 0.13484413299147574, 0.006171078926770625, 0], [0, 0.005463233500107579, 0.017890025824763577, 0.09716516799566814, 0.10823385664850974, 0.004074099430264862, 0.29482473991118946, 0.1615093501403041, 0.23805663796493373, 0.04532732270842664, 0.027455565875832366, 0], [0, 0.00705483214266026, 0.002362421714978411, 0.038272171458581764, 0.08319932086874048, 0.01771593967506898, 0.11854458838600901, 0.06559449858294082, 0.609950869065235, 0.03487385949506971, 0.022431498610715677, 0], [0, 0.008753945578555779, 0.010771391062475245, 0.04106037427346265, 0.013077484542318411, 0.01635866272500613, 0.030858015996313777, 0.06263291430637367, 0.7907647224283264, 0.018011336926022893, 0.007711152161145181, 0], [0, 0.0017770061787102107, 5.97034930634325e-05, 0.01735308169905003, 0.014657265324370367, 0.006419402279768775, 0.020371594078951994, 0.031072245516198103, 0.8842033668602217, 0.017165714894958942, 0.006920619674706375, 0], [0, 0.016870528054736215, 0.008730943229622552, 0.004655590175775313, 0.0004560353569065538, 0.009752278037647598, 0.011758957500495701, 0.03589047060952508, 0.8943047388308812, 0.004573146283871812, 0.013007311920537817, 0], [0, 0.003714848730452893, 0.01626677057608554, 0.015804747347665096, 0.0046669325976561775, 0.0060669132100309095, 0.005863131720078949, 0.028776906936176783, 0.8823561525510418, 0.024921896533533758, 0.011561699797277997, 0], [0, 0.009295066401520169, 0.0011711208067623036, 0.019598991526014662, 0.005979238046573786, 0.005392386872139429, 0.011053388786782107, 0.03549613842833692, 0.8015004101499341, 0.09296684571897082, 0.017546413262965646, 0], [0, 0.010923905827501008, 0.009109358102328926, 0.014598314178736594, 0.004914625476718087, 0.014751859012604424, 0.006365308404495899, 0.026420215404173657, 0.7069865715200757, 0.2049169764432133, 0.001012865630152395, 0], [0, 0.00797305015459753, 0.0030044063513022124, 0.011670015544200905, 0.017418012058497148, 0.013814757861040297, 0.010917496799814871, 0.004941523689410993, 0.5311921370132796, 0.39395935439900726, 0.005109246128849231, 0], [0, 0.008704505231739197, 0.008687534278970495, 0.010235216653342571, 0.01017719253815944, 0.011566883704981337, 0.009440857976901952, 0.022886377322645566, 0.3300512016100029, 0.5829786364268031, 0.0052715942564534, 0], [0, 0, 0, 0, 0, 0, 0, 0, 0, 0, 0, 1]], [\'@\', \'a\', \'b\', \'c\', \'d\', \'e\', \'f\', \'g\', \'h\', \'i\', \'j\', \'$\'])", "([1, 0, 0, 0, 0, 0, 0, 0, 0, 0, 0, 0, 0], [[0, 1, 0, 0, 0, 0, 0, 0, 0, 0, 0, 0, 0], [0, 0.018181818181818184, 0.8, 0.018181818181818184, 0.018181818181818184, 0.018181818181818184, 0.018181818181818184, 0.018181818181818184, 0.018181818181818184, 0.018181818181818184, 0.018181818181818184, 0.018181818181818184, 0.018181818181818184], [0, 0, 0.02, 0.8, 0.02, 0.02, 0.02, 0.02, 0.02, 0.02, 0.02, 0.02, 0.02], [0, 0, 0, 0.022222222222222223, 0.8, 0.022222222222222223, 0.022222222222222223, 0.022222222222222223, 0.022222222222222223, 0.022222222222222223, 0.022222222222222223, 0.022222222222222223, 0.022222222222222223], [0, 0, 0, 0, 0.025, 0.8, 0.025, 0.025, 0.025, 0.025, 0.025, 0.025, 0.025], [0, 0, 0, 0, 0, 0.028571428571428574, 0.8, 0.028571428571428574, 0.028571428571428574, 0.028571428571428574, 0.028571428571428574, 0.028571428571428574, 0.028571428571428574], [0, 0, 0, 0, 0, 0, 0.03333333333333333, 0.8, 0.03333333333333333, 0.03333333333333333, 0.03333333333333333, 0.03333333333333333, 0.03333333333333333], [0, 0, 0, 0, 0, 0, 0, 0.04, 0.8, 0.04, 0.04, 0.04, 0.04], [0, 0, 0, 0, 0, 0, 0, 0, 0.05, 0.8, 0.05, 0.05, 0.05], [0, 0, 0, 0, 0, 0, 0, 0, 0, 0.06666666666666667, 0.8, 0.06666666666666667, 0.06666666666666667], [0, 0, 0, 0, 0, 0, 0, 0, 0, 0, 0.1, 0.8, 0.1], [0, 0, 0, 0, 0, 0, 0, 0, 0, 0, 0, 0.2, 0.8], [1, 0, 0, 0, 0, 0, 0, 0, 0, 0, 0, 0, 0]], [[1, 0, 0, 0, 0, 0, 0, 0, 0, 0, 0, 0], [0, 0.0071548923134526375, 0.01312496918653376, 0.011440243464271815, 0.046597962801898804, 0.05686938094137356, 0.7793044286611974, 0.0029536080985282406, 0.013181160346703568, 0.06526105128047965, 0.004112302905560609, 0], [0, 0.0027368822746510917, 0.004327679519548175, 0.03570970940318027, 0.15003399842007978, 0.01113709282384015, 0.23467650842954665, 0.014217975319420116, 0.1276181616545641, 0.3924909898958901, 0.02705100225927961, 0], [0, 0.0014438321158889475, 0.010385545358999515, 0.008481154851597526, 0.052386085865039685, 0.012333996968152012, 0.04315085796840925, 0.004541421276324635, 0.05986429804805204, 0.7859280279968588, 0.02148477955067758, 0], [0, 0.015009564341420202, 0.008114330307415917, 0.013962639958168538, 0.015430827605801032, 0.004871841577418082, 0.00343116180869328, 0.014446509914409345, 0.03652173910391275, 0.8572668793372354, 0.030944506045525448, 0], [0, 0.015043169727253919, 0.005502835216288241, 0.012152646786667507, 0.005823509075068876, 0.014985479498719421, 0.005202959632847654, 0.011308071459874173, 0.042070642277462794, 0.8688261388378604, 0.01908454748795707, 0], [0, 0.012469233995191741, 0.009564524358402495, 0.01079165426706207, 0.009298611097853151, 0.009528461986425383, 0.008290022475297584, 0.006461882090346996, 0.05504133938425129, 0.8731310753601031, 0.005423194985066093, 0], [0, 0.011493332188826123, 0.001290986761952656, 0.011355461595388677, 0.0034386335763905837, 0.00961937713249869, 0.004907771395975939, 0.0041455956858197016, 0.0483883466352025, 0.9012809916200816, 0.0040795034078635, 0], [0, 0.01057953004611029, 0.0029546144653612, 0.012371794087445888, 0.01552047426997564, 0.013124600926060428, 0.003106235857514667, 0.01515211528522206, 0.018587154580852354, 0.8916402583956636, 0.016963222085793688, 0], [0, 0.01254769694736398, 0.009102122907258297, 0.011820712021894416, 0.009333107541295793, 0.010183772534020164, 0.005556973900151342, 0.012051883713662236, 0.013685093980057657, 0.9025862836636612, 0.01313235279063492, 0], [0, 0.011835662984302288, 0.010689399647600276, 0.005436966752513984, 0.006268756554487616, 0.015575153187181728, 0.016975263195458848, 0.003782478346797119, 0.01170746714086473, 0.9011104143275902, 0.01661843786320325, 0], [0, 0.006013970117183589, 0.0002876332063276865, 0.014029519650797248, 0.020364538840176232, 0.007202520356999671, 0.0016123533219528899, 0.02013304322384375, 0.018310141369407257, 0.9029251982224072, 0.009121081690904408, 0], [0, 0, 0, 0, 0, 0, 0, 0, 0, 0, 0, 1]], [\'@\', \'a\', \'b\', \'c\', \'d\', \'e\', \'f\', \'g\', \'h\', \'i\', \'j\', \'$\'])", "([1, 0, 0, 0, 0, 0, 0, 0, 0, 0, 0, 0, 0], [[0, 1, 0, 0, 0, 0, 0, 0, 0, 0, 0, 0, 0], [0, 0.018181818181818184, 0.8, 0.018181818181818184, 0.018181818181818184, 0.018181818181818184, 0.018181818181818184, 0.018181818181818184, 0.018181818181818184, 0.018181818181818184, 0.018181818181818184, 0.018181818181818184, 0.018181818181818184], [0, 0, 0.02, 0.8, 0.02, 0.02, 0.02, 0.02, 0.02, 0.02, 0.02, 0.02, 0.02], [0, 0, 0, 0.022222222222222223, 0.8, 0.022222222222222223, 0.022222222222222223, 0.022222222222222223, 0.022222222222222223, 0.022222222222222223, 0.022222222222222223, 0.022222222222222223, 0.022222222222222223], [0, 0, 0, 0, 0.025, 0.8, 0.025, 0.025, 0.025, 0.025, 0.025, 0.025, 0.025], [0, 0, 0, 0, 0, 0.028571428571428574, 0.8, 0.028571428571428574, 0.028571428571428574, 0.028571428571428574, 0.028571428571428574, 0.028571428571428574, 0.028571428571428574], [0, 0, 0, 0, 0, 0, 0.03333333333333333, 0.8, 0.03333333333333333, 0.03333333333333333, 0.03333333333333333, 0.03333333333333333, 0.03333333333333333], [0, 0, 0, 0, 0, 0, 0, 0.04, 0.8, 0.04, 0.04, 0.04, 0.04], [0, 0, 0, 0, 0, 0, 0, 0, 0.05, 0.8, 0.05, 0.05, 0.05], [0, 0, 0, 0, 0, 0, 0, 0, 0, 0.06666666666666667, 0.8, 0.06666666666666667, 0.06666666666666667], [0, 0, 0, 0, 0, 0, 0, 0, 0, 0, 0.1, 0.8, 0.1], [0, 0, 0, 0, 0, 0, 0, 0, 0, 0, 0, 0.2, 0.8], [1, 0, 0, 0, 0, 0, 0, 0, 0, 0, 0, 0, 0]], [[1, 0, 0, 0, 0, 0, 0, 0, 0, 0, 0, 0], [0, 0.0027828961518094643, 0.010108550315378361, 0.008923555258086337, 0.006215714261783647, 0.0047874516439506765, 0.9160414600718274, 0.014818386400434452, 0.015588731975918984, 0.003322744662915878, 0.017410509257894724, 0], [0, 0.01590690766508528, 0.01488243509879307, 0.010662399223524868, 0.04431826974530465, 0.0036847365141790215, 0.011089282664354187, 0.009441474550977658, 0.8731152076165521, 0.0033988261723728393, 0.01350046074885631, 0], [0, 0.0032174870775601287, 0.0007189079109753264, 0.011895297995406054, 0.012315792386274465, 0.008352730113142678, 0.015162473383109252, 0.012048688680610811, 0.9015904382136248, 0.0168724746937755, 0.017825709545521012, 0], [0, 0.011110376373938876, 0.012360678957895563, 0.00757894358910889, 0.0023485040458867826, 0.007903986243862193, 0.011901279977875387, 0.011036209819157681, 0.8997171094013835, 0.030895459612839724, 0.00514745197805123, 0], [0, 0.016831518979294136, 0.013026609516182163, 0.0012332455370556766, 0.007774805781325428, 0.007256678826111219, 0.004204846627765902, 0.003725438371314839, 0.9092823994550994, 0.034398751164342746, 0.0022657057415085484, 0], [0, 0.014599669430121443, 0.0008082639775206958, 0.017527501199320502, 0.00259382494501618, 0.008098823556811111, 0.006984078674194208, 0.008856578849921201, 0.9113062910904465, 0.016002644941263217, 0.013222323335385118, 0], [0, 0.003717225070653317, 0.000427317416851111, 0.014012049759583924, 0.003241076957735862, 0.014736948383172549, 0.011042464703260797, 0.0090787728936234, 0.8869258423184077, 0.037286428003585725, 0.019531874493125607, 0], [0, 0.013153099008023895, 0.005484507576680552, 0.00813395359833751, 0.00950549440897101, 0.016390869797476636, 0.0019558626020653768, 0.0035139380096510017, 0.8146492416893438, 0.11033023997241939, 0.01688279333703077, 0], [0, 0.0028520067946238535, 0.005836558939311441, 0.0064151597632946455, 0.01743400399885383, 0.005805084241620233, 0.013144683628865868, 0.0036821656210212733, 0.6810290254126492, 0.2597056810387772, 0.0040956305609824465, 0], [0, 0.016893174017383536, 0.00233836282287684, 0.02581616453752998, 0.0009209777028898761, 0.0018762982896030375, 0.003622424726798849, 0.009791311380298059, 0.5114808719873825, 0.4076865487112508, 0.01957386582398648, 0], [0, 0.015677738382078626, 0.0005994579763316214, 0.005470971080945312, 0.023093322498545874, 0.008176379564009668, 0.015280812546989259, 0.009794446855072927, 0.2677101016644696, 0.6419666559940841, 0.012230113437472982, 0], [0, 0, 0, 0, 0, 0, 0, 0, 0, 0, 0, 1]], [\'@\', \'a\', \'b\', \'c\', \'d\', \'e\', \'f\', \'g\', \'h\', \'i\', \'j\', \'$\'])", "([1, 0, 0, 0, 0, 0, 0, 0, 0, 0, 0, 0, 0], [[0, 1, 0, 0, 0, 0, 0, 0, 0, 0, 0, 0, 0], [0, 0.018181818181818184, 0.8, 0.018181818181818184, 0.018181818181818184, 0.018181818181818184, 0.018181818181818184, 0.018181818181818184, 0.018181818181818184, 0.018181818181818184, 0.018181818181818184, 0.018181818181818184, 0.018181818181818184], [0, 0, 0.02, 0.8, 0.02, 0.02, 0.02, 0.02, 0.02, 0.02, 0.02, 0.02, 0.02], [0, 0, 0, 0.022222222222222223, 0.8, 0.022222222222222223, 0.022222222222222223, 0.022222222222222223, 0.022222222222222223, 0.022222222222222223, 0.022222222222222223, 0.022222222222222223, 0.022222222222222223], [0, 0, 0, 0, 0.025, 0.8, 0.025, 0.025, 0.025, 0.025, 0.025, 0.025, 0.025], [0, 0, 0, 0, 0, 0.028571428571428574, 0.8, 0.028571428571428574, 0.028571428571428574, 0.028571428571428574, 0.028571428571428574, 0.028571428571428574, 0.028571428571428574], [0, 0, 0, 0, 0, 0, 0.03333333333333333, 0.8, 0.03333333333333333, 0.03333333333333333, 0.03333333333333333, 0.03333333333333333, 0.03333333333333333], [0, 0, 0, 0, 0, 0, 0, 0.04, 0.8, 0.04, 0.04, 0.04, 0.04], [0, 0, 0, 0, 0, 0, 0, 0, 0.05, 0.8, 0.05, 0.05, 0.05], [0, 0, 0, 0, 0, 0, 0, 0, 0, 0.06666666666666667, 0.8, 0.06666666666666667, 0.06666666666666667], [0, 0, 0, 0, 0, 0, 0, 0, 0, 0, 0.1, 0.8, 0.1], [0, 0, 0, 0, 0, 0, 0, 0, 0, 0, 0, 0.2, 0.8], [1, 0, 0, 0, 0, 0, 0, 0, 0, 0, 0, 0, 0]], [[1, 0, 0, 0, 0, 0, 0, 0, 0, 0, 0, 0], [0, 0.002689791461554624, 0.018367815539962515, 0.005984509561947499, 0.0012883829083104653, 0.004345670417635378, 0.018231862296186292, 0.0018446459174500537, 0.018892478867450175, 0.9101012823514847, 0.018253560678018338, 0], [0, 0.013355099279588518, 0.015877188736967526, 0.014472997835676718, 0.005923012710462167, 0.0041531163169575246, 0.0016029123793827632, 0.013796339847350386, 0.004013590898827278, 0.9238637468751172, 0.00294199511966991, 0], [0, 0.011600935629136935, 0.007592069905757014, 0.011445015030507181, 0.01816928434308844, 0.010632120672875289, 0.008412024746603932, 0.014596002190567713, 0.001986891547284189, 0.9139892933191418, 0.0015763626150374671, 0], [0, 0.009864478798959304, 0.003998484673161087, 0.01265354412174739, 0.031995886065465745, 0.015489199514555664, 0.014679225100147509, 0.0014763740356253403, 0.011046850261024515, 0.8928075652373919, 0.005988392191921627, 0], [0, 0.017859134874848775, 0.0023027580273151287, 0.009786156394970554, 0.04202633348955559, 0.00968694649057724, 0.01850233237653184, 0.00023918209705535708, 0.029161648758115413, 0.8593580472971645, 0.011077460193865655, 0], [0, 0.010187221967412327, 0.01311296431220811, 0.015452401320178057, 0.14006337943876593, 0.015139410742055756, 0.17881152616963747, 0.0015189057856681717, 0.06462182657005724, 0.5583286298011162, 0.00276373389290074, 0], [0, 0.005666749214499601, 0.011334452370658136, 0.01266971044511098, 0.26621029293485005, 0.01070216042374074, 0.2281432968075093, 0.011871736395658382, 0.029532030065073524, 0.4176942311416284, 0.006175340201270983, 0], [0, 0.009594087077155639, 0.00508421473849161, 0.010795705735306749, 0.1681166036372281, 0.013051803327761177, 0.10798788820615765, 0.003640466698383201, 0.031119738748359344, 0.6414561023600767, 0.009153389471079895, 0], [0, 0.0091794813344197, 0.013661657501761851, 0.0026196289913169826, 0.06176950890892149, 0.00987619170330723, 0.04114790439907676, 0.015444570659705994, 0.02933037277984861, 0.8032295311285358, 0.013741152593105682, 0], [0, 0.010640151022400955, 0.016237470841017565, 0.013440882559348437, 0.005471996197014575, 0.0016328824405723768, 0.0019646038710321163, 0.013737334246389146, 0.02598718787777049, 0.9089214366601931, 0.001966054284261279, 0], [0, 0.010278398520034768, 0.009385904908816389, 0.013337699563598768, 5.403724312474429e-05, 0.0067025435133074894, 0.0038781771704719616, 0.01275670279331999, 0.00977800681350326, 0.9102897102427892, 0.023538819231033483, 0], [0, 0, 0, 0, 0, 0, 0, 0, 0, 0, 0, 1]], [\'@\', \'a\', \'b\', \'c\', \'d\', \'e\', \'f\', \'g\', \'h\', \'i\', \'j\', \'$\'])", "([1, 0, 0, 0, 0, 0, 0, 0, 0, 0, 0, 0, 0], [[0, 1, 0, 0, 0, 0, 0, 0, 0, 0, 0, 0, 0], [0, 0.018181818181818184, 0.8, 0.018181818181818184, 0.018181818181818184, 0.018181818181818184, 0.018181818181818184, 0.018181818181818184, 0.018181818181818184, 0.018181818181818184, 0.018181818181818184, 0.018181818181818184, 0.018181818181818184], [0, 0, 0.02, 0.8, 0.02, 0.02, 0.02, 0.02, 0.02, 0.02, 0.02, 0.02, 0.02], [0, 0, 0, 0.022222222222222223, 0.8, 0.022222222222222223, 0.022222222222222223, 0.022222222222222223, 0.022222222222222223, 0.022222222222222223, 0.022222222222222223, 0.022222222222222223, 0.022222222222222223], [0, 0, 0, 0, 0.025, 0.8, 0.025, 0.025, 0.025, 0.025, 0.025, 0.025, 0.025], [0, 0, 0, 0, 0, 0.028571428571428574, 0.8, 0.028571428571428574, 0.028571428571428574, 0.028571428571428574, 0.028571428571428574, 0.028571428571428574, 0.028571428571428574], [0, 0, 0, 0, 0, 0, 0.03333333333333333, 0.8, 0.03333333333333333, 0.03333333333333333, 0.03333333333333333, 0.03333333333333333, 0.03333333333333333], [0, 0, 0, 0, 0, 0, 0, 0.04, 0.8, 0.04, 0.04, 0.04, 0.04], [0, 0, 0, 0, 0, 0, 0, 0, 0.05, 0.8, 0.05, 0.05, 0.05], [0, 0, 0, 0, 0, 0, 0, 0, 0, 0.06666666666666667, 0.8, 0.06666666666666667, 0.06666666666666667], [0, 0, 0, 0, 0, 0, 0, 0, 0, 0, 0.1, 0.8, 0.1], [0, 0, 0, 0, 0, 0, 0, 0, 0, 0, 0, 0.2, 0.8], [1, 0, 0, 0, 0, 0, 0, 0, 0, 0, 0, 0, 0]], [[1, 0, 0, 0, 0, 0, 0, 0, 0, 0, 0, 0], [0, 0.0104269765561515, 0.003676451110737674, 0.031219901818180094, 0.14660454146710394, 0.03328064272938406, 0.30819120057691984, 0.04177706506718104, 0.06022285016873683, 0.3614233268022908, 0.003177043703314126, 0], [0, 0.013220625862018453, 0.013448453598496769, 0.058245634427744386, 0.3231221065883262, 0.014039820089135862, 0.17624094308892554, 0.027934729647612306, 0.18675189230344286, 0.18114069697397556, 0.005855097420322117, 0], [0, 0.00456747959965456, 0.006671368155460789, 0.08711121508980856, 0.1785685855878358, 0.009154005742611522, 0.14717935245641195, 0.05683485985104902, 0.41122431592507924, 0.08407793530125432, 0.014610882290834253, 0], [0, 0.008261743991155764, 0.018625910716288094, 0.038480036482289176, 0.10935063191296206, 0.005840517029846097, 0.04841458351910671, 0.029317179244901802, 0.6934718642012461, 0.031886479781446146, 0.016351053120758196, 0], [0, 0.011902782670828472, 0.0028717468133112488, 0.010487726755891947, 0.043622223051957856, 0.016004080139255947, 0.018683052325462617, 0.04712494661973808, 0.8121210256535464, 0.032061079881063964, 0.005121336088943587, 0], [0, 0.0033489895558390815, 0.004327167322425285, 0.0076247784996808995, 0.002713144233099961, 0.006258320473677094, 0.018489919773146558, 0.03005176158875996, 0.894043462498705, 0.02976851067706299, 0.003373945377603136, 0], [0, 0.0020031173056640865, 0.007267402878378479, 0.01567037798103899, 0.015224397678565153, 0.015400907607767982, 0.0028679093580346086, 0.006542161142429819, 0.9191036678842851, 0.009048215016930563, 0.006871843146905294, 0], [0, 0.013604431204108813, 0.009270264506540503, 0.011553369819849824, 0.011545246986971762, 0.008748901640133245, 0.007501747846237366, 0.004205444170086036, 0.9193623575524628, 0.00581056351714766, 0.00839767275646205, 0], [0, 0.0031173645313910957, 0.018673401575678455, 0.016607891339423118, 0.007660344979449931, 0.003349541626148737, 0.0014363794139845816, 0.015176474737918721, 0.9148444388110384, 0.010368361453027912, 0.00876580153193909, 0], [0, 0.020629617841177898, 0.00030127671715471, 0.007430651889406364, 0.020187058033144197, 0.008126668961408639, 0.0013679579779463527, 0.013381236